$N$,$\eta/s(A)$,$\eta/s(B)$,$\eta/s(C)$,$\eta/s(D)$
12.533932770899543,0.13036830289976467,0.3808379726211373,3.395139130499349,0.26184670235784635
6.804841686699586,0.18694806398011585,1.6626721405768192,5.15598075900286,0.15130986691403264
10.84410119511189,0.025363187629080707,1.533184003255784,4.337350865511512,0.23689961988427324
9.401884744271438,0.025821055710029784,3.6449977586828712,7.31475313744765,0.2462480693521563
12.206654090427302,0.19985389251601116,2.8109840643625006,5.463918264334444,0.1880741769711513
8.598947688229755,0.17474596679755963,2.794819306471724,5.633560648832042,0.21777333480179653
14.144996666808424,0.18994460146623615,0.7513279872296144,9.427789025058278,0.21354369362037606
9.076941734589782,0.1906041493886989,-0.6777159484862425,0.44771806097288325,0.2732530595049717
9.946951793132655,0.06255809610412952,-0.21950122695700003,2.824893617870817,0.29957759648038684
10.153462670967738,0.058911365880186264,3.4867877638304856,1.7392554706202565,0.19059922037863997
14.04490493128969,0.13913576429112973,0.36365825516135875,5.682169616103111,0.3493798645306857
8.820190695301815,0.17919242006935687,0.9079775369297831,3.7627752987848666,0.1897216857135743
11.852536462024574,0.1312000165093837,-0.30888444602172027,1.9413372128340174,0.11019228962336695
12.264505815881659,0.10497858403901518,3.273417914076954,4.354256808578981,0.3331349053661851
7.151507527594486,0.0704637531400316,2.9830168913779804,2.0189084862374767,0.13923424936227033
14.714206324647026,0.08143345861167871,-0.5289610289944282,1.2712713391049224,0.13196457275348222
13.030336455655771,0.14563523520747704,0.5477352514044729,3.101272155819059,0.32858651255827476
13.47319726575774,0.1773676953893126,2.7292548286560265,6.626586527455953,0.28670550181579
12.483259893935532,0.05399222995249689,3.4560439603677278,4.948213029288735,0.13838892535524794
10.39278789015502,0.14816298718337065,1.6159847574533157,0.9014403562202769,0.12087787520836983
9.30922476301894,0.0834152282099965,3.0462376096869948,1.5878494158888043,0.15911972977475525
13.741645623721517,0.09047974223024324,-0.42643731357821424,6.719867044271957,0.19446062297162314
7.719902831979598,0.03686836652656526,0.9932619707086405,7.429395470618233,0.10906730944084685
12.436618177943977,0.1200688950905473,3.7977338063390285,0.06862087104140857,0.13517178978468306
13.00813758392287,0.17287350107545935,1.4042512894209485,6.363847316856681,0.32233145553854536
7.517130945853722,0.12750209361069623,0.057964447991441626,7.7750422343708925,0.2890311994612599
6.416041407640491,0.06848571755526289,0.9700814536277187,9.027870061109333,0.13391628574571518
9.279948386279338,0.19202673026684058,2.90612534059036,9.260397030288196,0.267988082044097
7.783193211035147,0.06413206105243792,2.2883383814368266,5.434390231131113,0.177432317335239
9.822423496109476,0.10653933470338198,1.7446864511167286,7.586195307228898,0.19671733374101544
12.076106008435453,0.18800544704141053,1.2358743436636028,1.3836016061722485,0.22533221012604907
7.396878005285071,0.13779305647952103,2.2078646872060537,7.2161630197524005,0.3474520790974835
8.533519878027867,0.08278070374521515,-0.7039506673490831,9.685513974497548,0.11975413513010838
6.492713125243014,0.15073998553158183,3.1937917158171825,4.8190636642128295,0.1404932229621028
7.442789389154257,0.12894829675693475,3.857434317426976,4.498948473510075,0.3243560054138109
14.647770976516012,0.02983164540129326,-0.6565547829269316,5.279047113856798,0.31170372748876723
6.9259415609713635,0.10593535440505868,3.565680001521991,5.210197589608219,0.20423487140838123
13.822393169880241,0.19907042824721422,3.1014337703088737,8.570642510262664,0.10736152307048971
14.821021573600447,0.023652037130744954,0.18288042915968972,9.396457054770108,0.10228106487306866
12.740668073343283,0.11599271420969806,3.6561473904463337,2.319314097695186,0.12438094884221149
10.364296854908211,0.10841668914408371,2.5266717451697467,9.761872784358694,0.31727014138309073
7.651071402965105,0.14256719343270444,1.0573253310043933,2.112236046571297,0.3228336902048351
11.929081752842297,0.11461755040136264,0.014628600891331,3.7331600347258713,0.10374306660351436
9.874001525601635,0.08876228007124107,2.8563009863826943,9.895347490786438,0.17004355854615683
7.966106217897558,0.1564627563234279,1.0446888398360898,6.772490698646153,0.20920795672170406
6.899513916931024,0.052732657804820254,3.8484209785737438,4.157711146179403,0.3178667124672064
9.347020906336581,0.15178210486008278,-0.5193874612011791,9.954668721478935,0.2399999769953311
8.299714189442025,0.14478323046722671,-0.021240768796163767,9.560294773373561,0.12174736460480556
10.56232371493686,0.050791735787093395,0.5877092699100834,3.6782304463894655,0.2202028258595775
11.365501120256237,0.16886003436657132,1.5587870775333652,2.4662649850315925,0.32009542753813913
8.033733749064474,0.05795486097612554,1.1258947050782604,6.972904226677141,0.2298191925555589
8.132149798918679,0.13641462635003684,-0.09392106928655775,3.522714427183401,0.21233480644429378
13.401337749802245,0.1886452880075903,-0.498079216298548,4.250777433876216,0.22265789784214035
14.187291853284558,0.031197362928168854,-0.552870708256231,1.6209521680748016,0.11213361923815164
10.951469603676607,0.09219419383525275,-0.8558053042955059,0.4527247294019866,0.3190268307780013
13.315159509020543,0.17567673707177378,2.310836045573687,7.703329614919575,0.28229450372110043
14.919519771881191,0.038399142799158584,1.1564959398417693,8.930118062036271,0.11764933633337321
7.672626564909017,0.07411268925535852,2.5135738326085852,6.591678718222036,0.2301249404555742
13.547497127395943,0.17145409657195854,-0.03385262617189322,1.188692810307437,0.2064348234533579
11.440043990787563,0.13595331406993935,0.8596904254787041,5.023435260640082,0.16158220724886818
12.055654624594098,0.12697598700243531,3.386490588724458,7.4529377666922905,0.3423169352274914
8.85501893078379,0.05987582551973303,2.397179277668264,9.456427066810388,0.29570514600286596
8.430178193496044,0.16155680042771975,0.5201199316703806,6.928495205559773,0.26070066883793863
8.481627340982463,0.17783523665698966,1.897715474473086,9.163814837238153,0.26658874279409833
11.978936093323801,0.12544500028133376,2.931827058298807,4.108117462612714,0.10591988044239352
14.622095479880825,0.19503226987094657,3.017926060992373,2.356370902076585,0.3444578130124425
6.312785804182893,0.1761823225267515,2.4671484099840373,0.188586506559731,0.2004161343430474
10.99669536512678,0.1196344617569882,1.5016287825516983,0.8671638672273173,0.25929491692840323
12.430933787165047,0.19436820403610267,1.9713570160413423,9.208622095240486,0.28602894539912493
8.23162589773792,0.1644733601707162,2.894480474887479,5.88133663362358,0.1279802065964028
11.695296820283929,0.15998592475806603,3.7103440910481167,6.45999327120628,0.2573673053047084
9.218410214573286,0.09159247403011174,-0.42108536848970557,7.85144624603306,0.20561349035452486
12.368566865729582,0.1578383924756748,-0.12023843272128432,8.07802831761233,0.2983892227021211
14.214246610242222,0.12494607477456185,-0.28560649668099636,8.330549914691282,0.1371852612612778
11.65168938211849,0.13251820517265456,2.963395950705459,0.25426097366890826,0.18332930681102214
12.028238165847531,0.14110747373675098,-0.179536451783339,6.137484598303899,0.1670287050967511
6.209926206813613,0.07545390447629925,-0.7494485486035966,6.513961094895322,0.2145881431644161
11.724071260776572,0.03524954742623973,1.9380548136980869,5.595511103612965,0.24732619659503063
14.080563450423135,0.12201665599421233,2.4066815217448934,3.2921390775420543,0.24891714150011865
10.883446418569577,0.19815178048814053,1.3281782696901256,4.8707898635117814,0.14768339885634088
10.736579037348958,0.040949564998169874,3.287429534852329,3.49718475865838,0.1535268047307294
11.225356918126781,0.1650826594425201,2.6665993928875658,2.5760475459834815,0.17933834398930548
8.389603293994961,0.17063108454727333,2.7726613321306433,7.127241605888868,0.17614399921330876
6.836039967930378,0.13443554486869033,2.57145122494323,3.079020226168558,0.3307104995779424
6.028723615145546,0.1797468505368494,1.6402045795995988,6.412730658312192,0.12901217714254906
12.60671950678547,0.030415941823087017,-0.3354399467440141,6.246270669313358,0.3264629181085934
8.969961934254503,0.15712657008203681,2.6438316403274964,3.6000101779176097,0.1451309330502428
7.382731116227861,0.14910708057365918,1.8043616724395455,3.4185575272277715,0.14317892522199024
9.610324340025969,0.04198731423015897,1.5779042188220354,8.408984150048749,0.15503722639656106
9.44124634015405,0.1637422186588044,3.145125725692595,5.701286763388681,0.33746998224935676
13.62781251715514,0.073149557278472,3.0636406380481063,9.133490153329603,0.1503783414692128
8.921748633660048,0.11052498063407931,2.611551773884548,8.384212999934157,0.23755200368343396
6.045482766839187,0.0553667744076914,2.238152087034841,0.6106617856368736,0.23245519649809698
10.198910114661457,0.06754212863065902,2.1297504709795634,0.724378150816643,0.1953959749330288
11.265876524773546,0.0640020772209063,0.6552746883239113,0.12307986673538912,0.17438572468146502
10.267126382640246,0.15921373625224156,3.421585406105237,1.4133639957908053,0.3059149416248753
12.969546106154151,0.11148265928258035,0.07909289465685387,7.916385883410565,0.2078019625215104
13.215083450298495,0.10307563978994988,-0.1707621395265181,6.834054347151682,0.2832946900020502
8.776872178486656,0.048501759112191206,1.69117980113248,8.219521085994986,0.2337363701070192
9.503857023023986,0.09664020727113493,1.378105624962835,4.604976065293442,0.2013894559774593
10.775495885624409,0.15284397386102877,1.4830819398712092,2.6733981938980933,0.2556674563893004
14.25028960170938,0.054426383435992945,2.1942074776814042,5.345886944529891,0.14197373729292093
13.857341689072129,0.09942326373359708,-0.593252213812012,3.9058457051570015,0.15755041384668167
14.427258969619956,0.12090127134011394,1.1924636414971808,2.864973370090152,0.280315507182605
11.121111747310852,0.08440586603776362,1.873941369226935,7.093118306760501,0.16508007831512095
9.19195130156017,0.022089671612054357,1.2153717147117127,6.159563525642193,0.2773065262030538
6.150652304699905,0.0699809613641226,1.2505370823555682,5.752003885583817,0.30969705821416793
11.819873272424225,0.10077188303674534,-0.23375646760063562,0.5320051927250878,0.3142638487380752
7.85032227567763,0.1738574636105523,0.03888429860774756,2.503172462296423,0.2659870253530704
10.652015183726348,0.04432888640700858,0.20556034986263372,8.684075813653568,0.1983666722989555
9.85991198767993,0.09440244612112683,3.588240395387416,1.2334092624830981,0.32548094346590495
11.068404873558219,0.020832371011941877,-0.9079011193158824,5.0635632612394,0.3064309127185365
12.877788882202072,0.09487752535327514,3.217395863319938,7.156472100228069,0.23417988103375728
10.039518830028879,0.02841830164152087,1.7754861658036738,4.594106846157247,0.18422773457474506
8.01458296815936,0.1467537683401297,-0.6391253919039186,0.5681023208533202,0.2722539844454034
14.791996402719066,0.18040125107217597,-0.12895479047267844,7.80440331620383,0.29064793479298767
12.322431647772895,0.04900442551617687,2.2517592607289956,2.736259143236883,0.11683188699455381
11.179172675507832,0.027512655969630942,-0.7714532066898274,5.371511807464548,0.13304737472301909
9.107554858289312,0.04751495851300047,2.4858888563799244,8.60431606176808,0.3342966380292805
8.18146177920919,0.14181585863274965,3.5145462605598645,3.222939475684816,0.16458295192927808
8.621703213146787,0.023144748439734103,0.43694318501263774,4.0777522873074865,0.10399741801787114
12.23744472043111,0.07288673881619942,0.7475277418155877,6.286378990545555,0.3485061951778938
10.111536460626757,0.08724423746659464,1.7177993965630391,5.124995786459566,0.10037866582019281
13.08564493611884,0.19671330665200357,0.838342622960548,1.0280448994315137,0.25190021480643837
13.966239625416343,0.03216759580317584,1.2815932160206391,1.4568756893133012,0.23574131886990346
7.251224680305108,0.15337433440273043,-0.2536910639017057,3.3409501950511156,0.27791932121645196
11.48085686946527,0.08948270300334678,3.3394936136153897,7.663333846540594,0.12623353575353496
12.888357730408218,0.19367202044269605,3.369777391711442,5.985124612342664,0.11360900384402733
10.31072141110327,0.060738942388791003,3.8815984910153185,4.750582280190216,0.34022335140988297
9.579811245292507,0.07176645891542092,-0.6011155693385155,0.22633238337273656,0.24099260529402503
13.678843274877483,0.1846386924629116,3.9946926800497256,4.519781705434643,0.2793836374078402
7.32394256698472,0.03362710387043075,3.4381677868199816,4.6986814054699035,0.25374583167833337
14.390011516525295,0.16984600439876166,-0.8202517033438195,7.5125273914139745,0.34556423855439766
10.595106417789086,0.1541854300935831,0.4587845135817379,8.267621976074881,0.15692444359814273
11.531633607280812,0.1661676305007373,0.10400863311493325,1.3436756792847864,0.32946045275671837
7.170722188978317,0.10923276934505673,2.3456728511693457,2.914815376522752,0.16898824012380054
11.329608238715082,0.08589485406582438,3.6193948437855745,4.210344214206201,0.21989403938343377
6.956118462343754,0.18281226783726853,-0.7776951621613789,0.3211098311682103,0.2877066216347959
6.495158505199352,0.04539495723690487,-0.39434121539199607,5.548398799949864,0.17761930348181157
13.461957144210903,0.1176263747706977,0.41701638796459095,2.7953941037242744,0.1922399896434841
9.70357975301467,0.06599236732927834,3.314040587552995,0.6940102262079537,0.26429456459930856
6.263218321313275,0.16128248582709476,-0.364325033264672,1.07942093962924,0.1627501875060584
7.099347165650922,0.10129854195508788,3.080735790573242,0.8244028343930098,0.3324132567254013
11.775942918613747,0.11428327007177688,-0.8983109365410217,1.8230485574509814,0.29255721452363803
10.511739142997518,0.1243783172003164,3.532816506821985,1.674602189810185,0.3108838560755839
8.26893983399907,0.0465723407350328,0.3360280739290451,8.049904075623271,0.2214093184161573
10.056064888180337,0.13363808861521673,0.6213003408462991,8.477621646597054,0.18054425848349587
9.64588836820008,0.03599565501616188,0.48560027736151157,9.646892125287545,0.16829350247928748
9.748917919413122,0.02164484910339498,3.6988171656612527,0.3828018861308604,0.2694179334778233
10.437325781659462,0.14026396784729242,0.6350698209145689,2.2158654352931033,0.14696000388397407
12.637569555515217,0.1078519223819151,1.9009901826487816,5.841396656820158,0.2849335828783177
7.043381939089487,0.0963830919869389,1.3647988638186996,9.321050998234023,0.2430245779728294
6.118612362612114,0.03283514905673858,-0.945327061175309,6.8710220949443634,0.25009242667882314
7.569210803584237,0.07750433211953077,-0.46263654451975655,8.11128396216477,0.1714707444226176
13.878746151810176,0.16752230353206396,0.3022529730611445,2.2775662414851645,0.18584526866458534
7.298863631305232,0.06200068534912412,0.26974353782626914,2.402620826682015,0.2758620034736339
11.60801843180207,0.13230918679287465,3.9698984268197197,9.521111911109372,0.2033324798919522
8.368472872664448,0.18329023086014157,3.9225676172927884,2.9830661174924855,0.22469312895626709
14.522033438870615,0.07642364132270281,0.23109322806925525,3.8868239156110214,0.3087023868868788
6.601175122286017,0.043508171121768316,0.8884155519945267,3.011227935458872,0.2965085643930514
12.76981986188953,0.11187269794402369,3.761427096004688,8.165479880661996,0.19886785575910543
13.131490607734126,0.05749802887084675,0.9465550454269103,4.032135957068423,0.33905089878546124
14.565064631461018,0.05650433639506687,-0.9914482566372811,3.987643464700275,0.21641643986603826
7.93428248841494,0.05152878350739444,-0.06785150323717482,7.012245281475829,0.11557937506240622
11.17064370910466,0.11307096153317653,3.819752029077807,1.5275779111433057,0.3435250875133947
10.466046859007577,0.09770606096452437,0.8084884975388185,8.795777640285907,0.12671829372415727
12.139181591007254,0.0655233890111451,3.172378528636445,4.7083072826158805,0.30235324196983804
14.878376770214366,0.09876683796854123,1.3036029152481459,7.399544415644837,0.3028449056420087
13.924321590058126,0.07926819346654945,2.1570198326318692,6.693334894575646,0.14905016692926076
11.569444783716216,0.11842486542581712,0.2788038242178901,2.0514255157763728,0.13023692509145957
14.308779746735002,0.14725828475737532,2.0494812209544437,9.823917476088518,0.274746833918343
6.683749784754755,0.19109323998108427,3.2275571089518964,7.293874658716329,0.11420045950145297
9.517157139164846,0.19578921044414702,1.0824532603881152,6.320990389305995,0.31543601445446623
6.371561692166011,0.07963544350917288,2.1199740884859923,8.848234269780658,0.12270207978748432
9.0080902532403,0.026450607563967152,2.050418233729135,8.99630481523079,0.16043155770679382
7.577558534118049,0.16285957101324866,2.584422589435476,6.090520679951088,0.24466475848751476
14.499617204181872,0.1386379301677542,2.7033191795931533,8.506356712618652,0.30480744578519714
6.662526227642082,0.0881536344338576,2.435549937272262,1.794423838586624,0.22870659881988695
14.96692429145038,0.1864961618850494,2.018205731734688,3.8256074634110298,0.25378525450690703
10.945896561126508,0.042866409791352034,1.994403250275321,0.9908617728679054,0.18723888776425607
6.553551166939206,0.18157888262748093,1.472733368900549,8.85815875355531,0.2582444334280031
6.7584279328349615,0.10384060717327374,-0.9694307531226647,6.014355594017038,0.1821458729226481
9.999955599579447,0.10212516921213802,0.6930422070052311,1.1144046915378771,0.1438540278014885
12.696707884136107,0.03771483378825788,2.0801317809489137,2.1910551181755826,0.29434769969168983
7.005689688955492,0.0396051825474117,1.0151888733185537,1.9583228523980263,0.17347636726134247
13.262758540409187,0.07816397193727685,0.7105992831000312,9.70674826661753,0.26328929014521063
7.812901833499187,0.039815964251234834,1.4370530752334179,7.620199799326308,0.22700422515330157
9.02186440722881,0.049708128742569524,2.6832692763896646,8.74413651625359,0.21576614087083307
14.76344700297821,0.08060213155255738,0.14615051423105552,9.938018036606362,0.3004532226394825
14.346393349453397,0.14385587269558986,1.7588820625065686,9.066621437943061,0.3351142134705347
13.172971642225683,0.06906260476399972,0.788919383419779,0.7598701630517875,0.1926400574299979
8.075547871183542,0.09290482290487048,0.5570237585129281,3.1800409721647362,0.3132008890489248
10.709886106024271,0.11650817837822337,0.17060147781434565,2.6365537221710604,0.24799641268990272
8.739783404315569,0.16784952976872847,2.844208987085177,0.033598711545944265,0.10751347135020448
8.687507871913617,0.15582725224593316,3.92602430162178,7.987120189048081,0.2711271203628922
12.835559805915612,0.08535074052227959,1.84438536772754,5.9132418897507355,0.2923695446570259
13.598098357981769,0.18476648772661247,1.1093534059038106,3.5641438057916597,0.33777154739296855
13.350591059891807,0.15010064137398557,2.355081484425,4.990457254093359,0.21052996085824735
6.3422582877745075,0.12284820242968161,3.739302006274558,1.852748085085287,0.15488906390139393
13.69749114093203,0.12819044779931849,-0.8402847781888134,4.413585914698668,0.24145927902742706
