norm,trento_p,sigma_k,nucleon_width,dmin3,tau_R,alpha,eta_over_s_T_kink_in_GeV,eta_over_s_low_T_slope_in_GeV,eta_over_s_high_T_slope_in_GeV,eta_over_s_at_kink,zeta_over_s_max,zeta_over_s_T_peak_in_GeV,zeta_over_s_width_in_GeV,zeta_over_s_lambda_asymm,shear_relax_time_factor,Tswitch
15.81754,-0.06769,0.9815299999999999,0.92763,2.61235,1.34389,0.00988,0.21946,-0.28087,0.49299,0.10715,0.14627,0.19075999999999999,0.09729,0.1527,4.79271,0.14759
13.4397,0.12337000000000001,1.3427799999999999,1.10651,2.1732400000000003,0.9006,0.05149,0.23431999999999997,-0.37329,0.2994,0.08497,0.12393,0.20455,0.07722000000000001,0.29229,5.81536,0.14498
15.84174,0.13790999999999998,1.06155,1.15276,2.77641,1.0333700000000001,0.00518,0.23255,-0.35375,0.79445,0.13705,0.11665,0.18175,0.07408,0.07515,3.3915599999999997,0.15274000000000001
14.47395,0.11147,0.8268399999999999,1.01294,2.4081599999999996,1.13235,-0.08793,0.20885,-1.19838,0.43428,0.12345999999999999,0.07758999999999999,0.17377,0.061279999999999994,0.11685999999999999,4.6178099999999995,0.1455
16.13648,0.32229,1.38858,0.84729,1.23917,1.12739,-0.07829,0.23634000000000002,-0.22399000000000002,0.27735,0.14276,0.11019000000000001,0.20315,0.07877,-0.10924,6.42583,0.13879
15.161529999999999,-0.29331,1.13619,0.9857600000000001,2.21569,1.41254,0.09761,0.24373000000000003,-0.16424,0.5042800000000001,0.11002999999999999,0.09281,0.18628,0.10842,-0.30039,4.37667,0.14514000000000002
13.59274,0.26194,0.97401,1.0346899999999999,2.00037,0.8712700000000001,0.06759,0.20845999999999998,-0.72239,1.08051,0.10413,0.13262000000000002,0.2142,0.10958,0.20934,5.38054,0.15055
14.106020000000001,0.1842,0.82219,0.8627100000000001,2.14275,1.21846,-0.00975,0.18700999999999998,-0.29746,0.80618,0.057179999999999995,0.07979,0.19441,0.0693,-0.33605,5.46964,0.14869000000000002
14.726120000000002,-0.10312,1.0501,1.04314,1.9179700000000002,1.04208,-0.03388,0.25101999999999997,-0.42236999999999997,0.83054,0.13646,0.1337,0.2117,0.052829999999999995,-0.03775,5.66058,0.14539000000000002
15.23275,0.04453,0.83349,1.1984299999999999,1.90447,1.1993,-0.0996,0.2046,-0.47818999999999995,0.62095,0.13174,0.1297,0.15141,0.11179000000000001,0.20137,4.27078,0.15575
16.77749,-0.0609,1.30399,1.0636299999999999,2.53554,1.3857,-0.14612,0.20517,-0.99965,0.54175,0.14190999999999998,0.09604,0.18619000000000002,0.07269,-0.045989999999999996,4.46773,0.14820999999999998
14.307479999999998,-0.0414,1.46056,0.8286,2.95186,1.29799,0.08561,0.2447,-0.05065,0.5204,0.11427000000000001,0.15116,0.2375,0.09348,-0.21656999999999998,3.6698800000000005,0.14303
16.54575,-0.03094,1.17293,1.23356,2.01254,0.70577,0.04904,0.21036999999999997,-0.24172,0.40729,0.07762000000000001,0.15355,0.21095,0.09586,0.28331999999999996,4.29601,0.1496
13.958979999999999,0.33463000000000004,1.1373799999999998,1.11175,1.8083200000000001,0.9618700000000001,-0.00373,0.21756,-1.17226,0.04724,0.10137,0.08102000000000001,0.18905999999999998,0.11032,-0.12127,5.2778,0.15694
16.88231,-0.28889000000000004,1.0469700000000002,0.83845,2.34363,1.24632,0.032560000000000006,0.22111,-0.12424,-0.36949,0.1682,0.13127,0.19596,0.09643,-0.17682,5.991219999999999,0.14740999999999999
13.809989999999999,0.07693,1.2517399999999999,1.08825,3.03512,0.6773600000000001,0.00185,0.20410999999999999,0.010440000000000001,0.80257,0.13155999999999998,0.07024,0.16717,0.0761,0.24828000000000003,4.79819,0.14107999999999998
15.72986,-0.1808,0.8279700000000001,1.05939,1.8062799999999999,1.43697,0.06904,0.18429,-1.33158,1.4048100000000001,0.12765,0.11094000000000001,0.20352,0.11335999999999999,0.18048,6.4982,0.14612999999999998
16.86526,-0.31084,1.4285700000000001,1.07819,2.64567,0.8502299999999999,-0.08953,0.26033,-1.03777,0.9178799999999999,0.10302,0.1118,0.22755,0.07384,0.23331,4.6311599999999995,0.1404
11.85834,0.21921,1.09128,0.7884899999999999,2.49605,0.99411,-0.060579999999999995,0.25211999999999996,-0.08275,0.99771,0.08146,0.09695,0.21013,0.12289000000000001,0.00865,5.982480000000001,0.1436
16.530260000000002,0.00451,1.717,0.8186,3.20211,1.16365,-0.026539999999999998,0.20890999999999998,0.41217,0.74867,0.12312000000000001,0.07783,0.17792,0.11452999999999999,-0.02326,4.20334,0.15075
12.79527,0.40905,1.62252,0.9069,1.8475700000000002,1.3164799999999999,-0.11042,0.19771,-0.12144,-0.17312,0.11715,0.07862999999999999,0.18391,0.07199,0.46247,5.82775,0.14853
17.313129999999997,-0.39183,1.15095,0.7907,2.4413,0.68494,0.04986,0.23006999999999997,0.18055,1.08419,0.11545,0.13294,0.19245,0.11442000000000001,-0.14007999999999998,5.31879,0.1518
13.463989999999999,-0.24779,0.6645399999999999,0.80685,3.3077099999999997,0.77031,-0.23281999999999997,0.19517,0.06251,0.3441,0.14363,0.14437,0.24466,0.06799,-0.26066999999999996,6.69667,0.13674
15.75433,-0.30541999999999997,1.0692,1.3662100000000001,3.7128400000000004,1.30921,-0.14711,0.20106,-0.5043,0.4974,0.08438,0.08693,0.15859,0.10367,0.17385,6.77395,0.14678
12.54292,-0.32455,0.61935,1.0495299999999999,2.38849,1.45791,0.03728,0.20785,-0.18492999999999998,-0.49181,0.12017,0.10353,0.27218000000000003,0.11023,0.13571,4.40207,0.14354
16.30687,0.07297999999999999,1.33581,1.24104,1.56539,1.18611,0.07833999999999999,0.26714,-1.38876,-0.06242999999999999,0.09676,0.12897999999999998,0.20254,0.06899,-0.5026,5.92784,0.1526
12.81638,-0.29629,1.14509,1.0532700000000002,2.8759,1.00807,0.09888,0.24241999999999997,-0.26696,-0.16074000000000002,0.13349,0.10185,0.14740999999999999,0.09368,0.34972,4.28036,0.15511
15.77694,0.28776999999999997,0.79419,1.25485,3.14415,0.9788100000000001,-0.01702,0.21203000000000002,-0.7187600000000001,0.68903,0.15778,0.12875999999999999,0.20509000000000002,0.10520999999999998,-0.30514,4.37223,0.14632
16.755760000000002,-0.23714000000000002,0.74836,1.07758,3.00125,1.1551200000000001,0.039,0.20374,-0.26252,1.3392600000000001,0.07442,0.11777,0.22555,0.04888,0.4731,6.01541,0.14724
14.02464,0.07923999999999999,1.34392,1.1481,1.4729,0.91425,0.11850999999999999,0.22007,-0.9271299999999999,0.83995,0.07929,0.10053,0.16783,0.08008,0.03296,2.525,0.14256
13.751179999999998,0.20390999999999998,1.316,1.37228,1.43871,1.4117,-0.0685,0.18563,-0.68482,-0.042660000000000003,0.11800999999999999,0.03455,0.20998000000000003,0.09314,0.34781,4.03165,0.15148
12.20885,-0.02451,0.68301,1.1240700000000001,2.8453,1.5676700000000001,0.04425,0.20259000000000002,-0.42973,1.06813,0.16615,0.06275,0.17260999999999999,0.08386,0.09661,5.529,0.14368
12.77252,-0.04585,0.9199799999999999,0.79738,0.69989,1.32133,0.026560000000000004,0.25381,-0.08957999999999999,0.44483,0.040389999999999995,0.11874000000000001,0.16313,0.08465,-0.16771,6.20148,0.15391
16.32312,0.20755,1.30167,0.68953,1.9470299999999998,1.0357100000000001,-0.12219000000000001,0.19552999999999998,-1.00937,0.2692,0.11263,0.12124000000000001,0.22979000000000002,0.06284,-0.32589,3.1381900000000003,0.15372
16.381429999999998,-0.00103,1.20134,0.89066,2.28076,0.5318,0.09996000000000001,0.23279,-0.24256,-0.60128,0.044360000000000004,0.1241,0.17964000000000002,0.11247,0.06521,5.91027,0.14694000000000002
16.67117,0.10613,0.8438700000000001,0.7410100000000001,3.05505,0.9862299999999999,-0.20484000000000002,0.19483,-0.91612,1.25889,0.15648,0.13484000000000002,0.17690999999999998,0.07683999999999999,0.19015,5.1596,0.14097
14.59273,-0.43125,1.5143799999999998,1.18539,0.97844,0.97591,-0.12742,0.25246999999999997,-0.63789,-0.33929000000000004,0.15336,0.103,0.20097,0.07064,-0.45761,4.15402,0.15111
13.993160000000001,0.01396,1.63558,1.13066,1.14351,0.95521,0.11147,0.23465,-0.70927,-0.15048,0.09535,0.16455,0.18237,0.13182,-0.07312,4.497669999999999,0.13369
16.11628,-0.02742,1.2584899999999999,1.10496,1.3271,0.71633,-0.1061,0.19034,-0.9529700000000001,1.01302,0.02852,0.08356,0.24908000000000002,0.12332,-0.46184,5.72092,0.13908
13.515139999999999,-0.24058000000000002,1.01979,0.76782,4.1544300000000005,0.80356,0.13137000000000001,0.25134,0.5573,0.29208,0.08587,0.13526,0.19477,0.13549,0.00206,3.3935800000000005,0.13421
15.959829999999998,0.42383999999999994,1.68927,0.69813,2.1559,0.83449,0.053239999999999996,0.26469000000000004,-0.6412399999999999,0.81604,0.19033,0.14014000000000001,0.20698000000000003,0.06345,-0.38064000000000003,4.1833,0.14859
14.236920000000001,-0.32775,1.27775,1.37657,3.42458,1.18974,-0.09285,0.18575999999999998,-0.66298,1.33352,0.05075,0.14690999999999999,0.23781,0.10340999999999999,-0.15378,4.32916,0.146
11.350710000000001,-0.2749,1.53434,0.83472,3.6397699999999995,0.44153000000000003,-0.05959,0.19117,0.36882,1.8567599999999997,0.09222000000000001,0.10127,0.27255999999999997,0.10807,-0.19338,4.85304,0.15277000000000002
14.861939999999999,0.16783,0.53732,0.88197,3.2196,1.5546200000000001,0.20342000000000002,0.16901,-1.3991,0.08301,0.15,0.16044,0.21863000000000002,0.0791,0.09971000000000001,5.37159,0.15417
16.3625,0.48453,0.66735,1.1766,1.35455,1.06329,-0.04406,0.15521,-1.20612,0.66992,0.08227999999999999,0.08064,0.19218,0.06118,0.41723000000000005,6.34495,0.14768
15.53054,0.22743000000000002,1.15642,0.9287299999999999,3.53451,0.63253,0.12838,0.17054,-0.20749,-0.25844,0.11642999999999999,0.0663,0.23362,0.07339,-0.3864,6.747489999999999,0.14079
14.48204,0.36788000000000004,0.7751399999999999,0.80484,1.83228,1.02436,0.26548,0.20799,-0.39942,1.53551,0.0961,0.08997999999999999,0.21531,0.09664,0.45113000000000003,4.43374,0.14743
15.44566,0.4707,0.6151800000000001,0.72778,1.4795200000000002,1.14035,0.10864000000000001,0.26702,-0.16255999999999998,-0.26784,0.13804,0.14735,0.23568000000000003,0.1019,0.046830000000000004,4.123819999999999,0.13530999999999999
15.312520000000001,0.03808,1.28531,1.18359,2.86337,1.4597799999999999,-0.0633,0.2236,0.12502,0.14786,0.15187,0.12771,0.2127,0.06195,0.52172,5.19827,0.15875999999999998
17.542,0.34421,0.8732200000000001,0.86467,2.78573,1.6170799999999999,0.09292,0.20556999999999997,-0.46391000000000004,-0.35986,0.1324,0.032510000000000004,0.20317000000000002,0.10549000000000001,-0.00054,5.4360599999999994,0.15342
12.70975,-0.33721999999999996,0.90459,1.2778200000000002,1.93282,0.7027,0.19969,0.22463000000000002,-0.8487899999999999,1.49136,0.16247,0.08133,0.26821999999999996,0.10665999999999999,0.12007999999999999,3.63458,0.15583
17.25691,-0.35111,0.8103,0.83362,3.6213300000000004,0.76641,0.062270000000000006,0.18016,-0.76641,-0.31223,0.14812,0.09747,0.23885,0.09298,0.24394000000000002,3.1061900000000002,0.13702999999999999
14.39209,0.14213,1.07807,1.03788,2.56577,1.3608200000000001,-0.16838,0.21325,-0.46773000000000003,-0.14285,0.05524,0.13004000000000002,0.2291,0.07471,-0.21874000000000002,5.88974,0.13843
11.17257,0.06604,0.9376899999999999,0.8365,3.58029,1.14547,-0.05194,0.25581,0.39271,0.15983,0.05501,0.07621,0.18133,0.09063,0.27001,3.3521900000000002,0.15549000000000002
15.381670000000002,0.25346,0.99364,1.22545,1.10038,1.44445,0.21455,0.23836,-0.61958,1.02819,0.13759000000000002,0.07263,0.20664000000000002,0.06012000000000001,-0.46675,4.91121,0.16055999999999998
15.92304,0.19445,1.22496,1.1187200000000002,3.6289800000000003,1.06945,-0.00946,0.23210999999999998,-0.59725,1.12097,0.07203999999999999,0.02851,0.19136,0.09262999999999999,-0.54665,6.8634699999999995,0.15025
14.35394,-0.37401,0.9414399999999999,0.7460600000000001,2.4043400000000004,1.49006,0.12320999999999999,0.18453,0.46703999999999996,0.57193,0.09328,0.18003,0.23392,0.08546000000000001,-0.17021,5.49894,0.14753
15.097929999999998,0.13371,0.70326,0.8084100000000001,1.6387599999999998,1.20713,0.1071,0.14922,0.04701,-0.62033,0.18745,0.07535,0.27674,0.08198,-0.36271,3.70108,0.14645999999999998
11.9785,0.26421999999999995,1.1616600000000001,0.8224,1.0264799999999998,1.58585,-0.00101,0.19685,-0.34943,1.09525,0.08455,0.04736,0.13615,0.11531,0.16759000000000002,5.02146,0.13790999999999998
18.116789999999998,-0.14845,1.3811200000000001,1.33969,3.89974,1.57594,-0.02507,0.18814,-0.32221,1.44781,0.11769,0.12343,0.15746,0.07961,-0.34055,5.54592,0.15175
18.46122,-0.34799,1.03126,1.21316,1.9574900000000002,1.63409,0.15796,0.2294,-1.23547,-0.43194,0.18924000000000002,0.16214,0.16668,0.06682,-0.14942,7.02867,0.14814000000000002
13.26675,-0.2095,1.01109,1.10912,1.9808299999999999,1.54829,0.03188,0.26555,-1.08246,0.09427999999999999,0.09189,0.10219,0.12420999999999999,0.0362,0.50789,4.12801,0.14390999999999998
17.346870000000003,-0.3943,0.76412,0.9979399999999999,3.83095,0.81803,0.04755,0.24028000000000002,-0.88754,1.48043,0.13082,0.17238,0.16841,0.10787000000000001,0.6785800000000001,4.68985,0.15292999999999998
10.75332,0.046060000000000004,1.53978,1.4182299999999999,1.36132,0.9519700000000001,0.06076,0.20017000000000001,-0.1749,1.18784,0.0904,0.14232,0.21738000000000002,0.09924,-0.25803000000000004,6.31974,0.15365
13.08877,0.1123,1.51055,0.81633,2.66208,0.63759,-0.21832,0.22169,0.63675,1.3690799999999999,0.17693,0.11982999999999999,0.1535,0.06044,-0.49568999999999996,6.12674,0.14883
11.538789999999999,0.28498,0.80455,0.5755899999999999,2.92036,1.02125,0.23458,0.26148000000000005,-0.29586999999999997,0.9066200000000001,0.10500999999999999,0.15607000000000001,0.18853,0.12057999999999999,-0.06242999999999999,7.141210000000001,0.13581
13.84433,0.032780000000000004,0.49488999999999994,1.26863,1.6429200000000002,1.25535,-0.15397,0.26113000000000003,-0.14160999999999999,1.1582700000000001,0.0668,0.07658,0.21222,0.10142999999999999,-0.34722,4.48508,0.15229
15.1137,0.01524,1.73532,0.73425,2.55214,1.098,-0.18818,0.15098,-0.808,1.25125,0.07006,0.16177,0.19293,0.12149000000000001,-0.26587,5.12754,0.14942
19.00435,-0.13826,1.05403,1.3915799999999998,2.0261400000000003,0.68383,-0.16359,0.23773000000000002,0.47807,-0.12032000000000001,0.08657000000000001,0.08753999999999999,0.15039,0.11217,-0.06786,4.31993,0.15383
18.33466,-0.4649,1.08189,0.88418,1.10555,1.13611,-0.03814,0.21554,-0.6568,0.5451600000000001,0.0437,0.03798,0.25454,0.08417000000000001,0.30435,4.04884,0.15768
12.43879,-0.07194,1.72812,0.9944299999999999,0.9977799999999999,1.27693,0.09129,0.17095,0.66933,1.61761,0.15045,0.14579,0.27991,0.03597,0.17820999999999998,6.18912,0.13832
16.62944,0.10207999999999999,1.23406,0.77068,0.8168,0.49699,0.16341,0.16276,-1.61075,0.66415,0.10440999999999999,0.07413,0.14643,0.05964,-0.27699,4.5599099999999995,0.15647
14.45837,-0.0062,1.6846700000000001,0.75339,0.96872,1.42262,-0.17922000000000002,0.26937,0.5141100000000001,0.68514,0.13988,0.10499000000000001,0.24618,0.11372,0.056060000000000006,4.66385,0.14681
16.80384,0.09473,0.34685,0.68034,4.65816,1.20102,0.08492999999999999,0.21101,-0.8363700000000001,0.9689,0.04658,0.10397999999999999,0.21907,0.08567999999999999,0.31035,3.7342400000000002,0.14627
14.651179999999998,0.09532,0.79937,0.8662799999999999,2.58258,1.23674,-0.24189000000000002,0.21513000000000002,-0.77351,-0.5262100000000001,0.15789,0.07833,0.15242,0.07131,-0.031689999999999996,2.73963,0.14494
18.05446,0.11700999999999999,1.5026,0.9189700000000001,3.6569199999999995,0.60434,0.05223,0.22316,-0.58639,1.6076,0.15673,0.04779,0.23606999999999997,0.10007,0.33216,5.306369999999999,0.14795999999999998
15.89586,0.17332,0.41376999999999997,0.75503,1.3057,1.04702,-0.24645,0.19945,-0.7781100000000001,-0.32355,0.18649000000000002,0.16096,0.25977,0.10680999999999999,-0.27859,5.02853,0.14032
12.15324,-0.42065,1.4784899999999999,0.64098,2.97095,1.42943,-0.07633999999999999,0.24214000000000002,-1.78278,0.65186,0.12402,0.06472,0.21827,0.06621,-0.30955,5.29536,0.15632000000000001
12.37527,-0.35702,0.43433999999999995,1.01673,3.7558199999999995,1.33693,0.05869,0.17987,-1.4679,1.46297,0.11408,0.11704,0.1761,0.12875,0.01484,3.5851300000000004,0.16004000000000002
13.40489,-0.40371999999999997,1.4168399999999999,1.32545,3.80269,1.60415,0.042319999999999997,0.19888,-1.74158,-0.24024,0.1508,0.08651,0.21295999999999998,0.09891,0.26264,4.51043,0.15484
17.77869,-0.45753,1.4889700000000001,0.95801,1.51919,1.0164799999999998,0.22330999999999998,0.24675999999999998,-1.11668,0.0017699999999999999,0.07125,0.061020000000000005,0.21469000000000002,0.09548,-0.70305,3.77465,0.14290999999999998
12.957360000000001,0.18167,1.05786,1.18829,3.13449,0.98885,0.21108000000000002,0.15513,-1.36835,1.10748,0.08194,0.04697,0.26498,0.09112,-0.05654,5.77367,0.13982
13.39228,-0.12613,1.47038,0.61934,1.20266,1.39201,0.02265,0.17864000000000002,-0.60473,-0.21484,0.05666,0.12314000000000001,0.26435,0.13072999999999999,0.54056,4.45327,0.13413
12.82126,0.50346,0.62772,0.9808399999999999,0.48823,1.79355,-0.27704,0.1838,-0.19404000000000002,0.7195199999999999,0.032510000000000004,0.13028,0.20062,0.0674,0.12994,4.59272,0.15204
19.1122,0.33075,1.1025399999999999,1.15014,2.47798,0.841,0.2178,0.21577,-1.7903900000000001,0.18550999999999998,0.1442,0.12785,0.16434,0.1089,0.5763699999999999,6.850110000000001,0.14467
10.91513,0.48013,1.19002,1.23678,1.34459,0.44835,-0.040780000000000004,0.21896,-1.29094,0.73739,0.10382000000000001,0.09332,0.28889000000000004,0.0672,0.02254,4.8688,0.15844
18.91402,0.089,0.9065,1.4216799999999998,0.95581,1.2636,-0.07055,0.19297,-1.38568,-0.0118,0.13394,0.10777,0.25572,0.12115,-0.5492199999999999,4.2632900000000005,0.14396
19.477629999999998,0.05501,0.77242,1.00715,3.9420300000000004,1.53664,-0.10008,0.28406,-0.73029,0.40098,0.16566,0.11932000000000001,0.15336,0.1275,-0.26316999999999996,4.64581,0.16099000000000002
11.555069999999999,0.42899,0.6411399999999999,0.96225,2.618,0.9825200000000001,-0.14498,0.15074,-1.1301299999999999,0.69803,0.10629000000000001,0.15535,0.1445,0.05687999999999999,0.6975,4.70275,0.15617999999999999
13.2596,0.52055,1.6034700000000002,0.855,3.4404,1.06746,-0.1762,0.18749000000000002,0.4306,0.76551,0.05272999999999999,0.052320000000000005,0.22221999999999997,0.07998,0.20578000000000002,7.97451,0.14507
16.24475,0.49706000000000006,1.63132,1.14649,0.54275,1.5324,0.16942000000000002,0.24111999999999997,0.57595,0.9385,0.10979000000000001,0.16569,0.17168,0.07041,0.31098000000000003,6.187130000000001,0.14486
17.144460000000002,0.46155,0.47925,1.36884,3.86533,1.14754,-0.25609,0.23503000000000002,-0.23460999999999999,0.65745,0.1438,0.06304,0.24013,0.05164,0.11327999999999999,7.336860000000001,0.14828
11.892330000000001,0.52533,1.61384,1.16076,3.97305,1.7108700000000001,0.0444,0.24886,0.56958,0.9675600000000001,0.1356,0.07568,0.18072,0.11320999999999999,0.029410000000000002,5.6943,0.14618
16.96204,-0.45075,0.74954,1.26052,4.24546,1.57019,0.07695,0.22332,0.47605,-0.71268,0.09109,0.06477000000000001,0.19518,0.07357000000000001,-0.39003000000000004,2.69101,0.16203
11.76224,0.53792,1.2458,0.9375899999999999,3.61485,1.6204100000000001,-0.12666,0.23113000000000003,-1.74322,0.12402,0.12555999999999998,0.14286,0.15992,0.12358,0.22409,4.99866,0.14607
15.78835,0.15869,0.54586,1.39382,3.32481,1.08774,0.09717,0.21866,-0.13557,-0.9342,0.04822,0.0769,0.13517,0.10289000000000001,-0.09848,7.23482,0.1571
18.727529999999998,-0.19432,1.00441,1.40893,1.56166,1.5475299999999999,0.16835999999999998,0.17752,0.26698,-0.37775,0.074,0.04484,0.17877,0.09928,0.6692899999999999,3.5571900000000003,0.14892
14.016520000000002,-0.49149,1.0827799999999999,0.92353,0.44261999999999996,0.65688,0.16571,0.2516,-0.68806,1.55853,0.15422,0.11599000000000001,0.21589,0.0606,-0.37272,5.40268,0.14298
14.50421,-0.011559999999999999,0.8709899999999999,0.92014,2.51115,0.92947,0.20622,0.21428000000000003,0.34262,0.6472899999999999,0.041069999999999995,0.08826,0.28501,0.09558,-0.3279,2.48314,0.15
15.4754,-0.16093,0.96704,0.6098399999999999,2.0371799999999998,1.10002,-0.04628,0.28633000000000003,-1.13865,0.0643,0.19938,0.0587,0.27583,0.08891,0.42735,6.5025699999999995,0.15155
11.93344,0.15974000000000002,0.47175,0.97805,1.46156,0.71081,0.17629,0.20151,0.1056,1.00127,0.14615,0.15946,0.19655,0.10434,-0.47333000000000003,3.91382,0.15900999999999998
18.088929999999998,-0.38253000000000004,1.8092400000000002,0.94257,3.2071400000000003,1.2290299999999998,-0.13883,0.27784000000000003,-1.21684,0.7138399999999999,0.08085,0.10512,0.22796,0.11992,-0.6851,6.23257,0.15314
12.41312,-0.09547,1.52776,1.35816,2.09728,0.50845,0.00625,0.26006,-0.64651,-0.23176,0.06623,0.06828,0.19039,0.07174,0.20453,5.6809400000000005,0.14835
17.66262,0.04935,1.48455,0.67769,0.80291,0.66946,-0.10232000000000001,0.21731999999999999,-1.50625,0.06014,0.09166,0.1884,0.22253,0.11132,0.18597,6.64037,0.15815
19.24024,-0.05305,1.49895,1.0954,0.88512,0.8711,-0.04292,0.16602999999999998,0.00159,-0.35505,0.11462,0.026989999999999997,0.21206999999999998,0.08147,-0.37006999999999995,6.6154399999999995,0.15971
14.279729999999999,-0.26382,0.7379899999999999,1.0985,1.50366,0.75369,-0.11,0.14644000000000001,-1.26505,-0.35,0.09572,0.08865,0.22324000000000002,0.04185,-0.13388,4.92477,0.15283
13.87824,-0.19772,0.8970899999999999,0.6058899999999999,0.93553,0.8913200000000001,-0.22396999999999997,0.29141999999999996,0.4295,1.29698,0.02667,0.03644,0.23248000000000002,0.09477999999999999,-0.06517,4.00726,0.13926
18.35076,-0.07898,0.8627299999999999,0.8832399999999999,2.18655,1.21728,0.06439,0.24835,0.85319,1.39582,0.13892000000000002,0.015819999999999997,0.21461999999999998,0.115,0.3426,6.673139999999999,0.16354000000000002
13.22509,-0.55796,1.32437,0.9394,3.56207,0.94614,-0.18586,0.26515,-0.45178999999999997,0.46913,0.18581,0.18882000000000002,0.19907,0.04442,-0.54014,5.43117,0.14019
18.75086,0.08361,0.6733399999999999,0.75092,3.09787,1.59168,0.18006,0.24135,0.8344,0.78888,0.03472,0.17631,0.19971,0.12775,-0.01175,4.73519,0.13935
16.79994,-0.3594,1.56695,0.72977,1.32602,1.48661,0.01719,0.20947,-1.2293,1.3141,0.17776,0.09733,0.14876,0.07662000000000001,0.32615,5.8406400000000005,0.14901
14.08898,-0.15875999999999998,1.6939799999999998,0.6584800000000001,3.1815,0.67209,-0.20949,0.22665,0.11757999999999999,-0.12600999999999998,0.10607,0.0414,0.20239000000000001,0.13493,0.25274,3.43309,0.14807
12.56433,0.5437,0.84539,0.93353,2.6939599999999997,0.82729,0.1792,0.2497,-1.6866700000000001,-0.7485,0.12493,0.09536,0.20865,0.07508,-0.34415999999999997,5.155480000000001,0.1422
17.11351,0.15274000000000001,0.91412,1.31431,3.09373,1.09144,-0.16498,0.18888,-0.5761,0.69429,0.09739,0.08566,0.21996999999999997,0.14712999999999998,0.55587,5.55794,0.15247
17.13299,-0.30298,1.34912,1.09356,3.1143099999999997,0.7310300000000001,-0.28879,0.19209,-0.76279,0.72278,0.116,0.0574,0.25077,0.04721,-0.51935,2.3418200000000002,0.14261
16.026329999999998,0.50685,1.67772,1.00309,4.288869999999999,1.2128700000000001,-0.23574,0.17636,-1.2523600000000001,0.14188,0.02762,0.19405999999999998,0.24761999999999998,0.03218,-0.00617,3.9992400000000004,0.15198
16.466089999999998,0.30038000000000004,1.50876,0.76876,2.1322900000000002,0.64402,0.15615,0.28897,-1.01213,1.64566,0.14185,0.16682,0.19744,0.03798,0.77369,2.7054,0.14311
11.75157,-0.13596,1.62371,1.12221,0.34410999999999997,1.2697,0.10192000000000001,0.16318,-1.50068,0.8865,0.16041,0.12092,0.22436999999999999,0.13826,-0.18105,3.81483,0.14178
17.46332,-0.29980999999999997,1.04156,1.15775,2.59436,1.9478400000000002,-0.2962,0.22766,-0.19311,0.89354,0.12099000000000001,0.15016,0.18425999999999998,0.10232000000000001,-0.40110999999999997,2.82306,0.14573
11.60652,-0.02024,0.99875,1.1278299999999999,2.3616599999999996,0.7913600000000001,-0.12996,0.23343000000000003,-0.9847600000000001,0.55604,0.12722,0.056510000000000005,0.24506999999999998,0.13042,-0.36584,7.98033,0.14476
11.31062,-0.34112,1.55729,0.8216100000000001,2.32344,1.5057,-0.03648,0.1781,0.07118,1.16251,0.08335,0.13872,0.18339,0.03447,0.22169,3.5034699999999996,0.1559
13.91354,-0.1721,1.50645,1.1632200000000001,2.8267900000000004,0.76549,0.13271,0.29896999999999996,0.7015899999999999,1.04231,0.05574,0.12504,0.21386,0.05802,-0.42028000000000004,4.13711,0.13897
11.81611,-0.09232,0.31851,1.26299,3.00955,1.8964299999999998,-0.24474,0.1589,-1.61626,1.42524,0.06708,0.10244,0.2106,0.06585,0.32049,6.93907,0.13738
13.55539,-0.06331,1.0668600000000001,0.85398,2.11932,0.73426,0.07679,0.2695,0.50781,-0.86062,0.02823,0.07927999999999999,0.29869,0.04942,-0.30129,6.44801,0.1502
12.30898,0.39261,1.19638,1.30243,0.63566,1.3549799999999999,-0.27809,0.24586,0.9900100000000001,-0.28615999999999997,0.12212,0.17022,0.14165,0.06546,0.08821,4.09567,0.1598
17.33635,0.02437,1.36029,1.00936,2.2292799999999997,0.9276200000000001,-0.00607,0.20114,-0.65158,-0.7733,0.1709,0.15915,0.16547,0.10743,-0.52681,6.15509,0.13174
13.83784,-0.11635999999999999,0.48358,0.92519,4.63134,1.08146,-0.25096999999999997,0.26463000000000003,0.23915999999999998,1.47727,0.15553,0.11813,0.28046,0.029189999999999997,0.7161,3.92191,0.14246
15.83777,0.23246999999999998,1.06481,0.99969,4.55518,0.9575899999999999,-0.19147,0.26587,0.17253,1.97122,0.15387,0.12611,0.18565,0.08447,0.054329999999999996,7.254239999999999,0.13288
14.80161,-0.09402999999999999,1.0987799999999999,1.42563,2.19417,1.01991,0.22125,0.26344,-0.09517,1.21395,0.10943,0.08967,0.25351999999999997,0.02999,0.18556,7.688160000000001,0.15106
12.86818,0.13677999999999998,1.00294,1.2993299999999999,2.29242,1.17709,-0.09646,0.18131,0.24745999999999999,-0.40210999999999997,0.046060000000000004,0.018330000000000003,0.13248,0.039939999999999996,-0.07552,2.46801,0.15327000000000002
19.17884,-0.34321999999999997,0.80683,1.04682,2.64072,0.41778000000000004,-0.15847999999999998,0.26765,-1.41903,0.0535,0.03619,0.0488,0.18746,0.06666,0.56677,6.521319999999999,0.14520999999999998
13.18617,-0.04465,1.10899,0.60202,4.38664,0.9984,-0.19282,0.21434,-0.53578,-0.65777,0.10569,0.1505,0.28655,0.10647999999999999,0.45664,3.6881800000000005,0.16433
14.368429999999998,-0.4508,0.55083,0.73223,0.65064,1.58255,-0.27558,0.17357,-0.37669,-0.07695,0.08728,0.13945,0.16806,0.08047,-0.35531,7.6194,0.14140999999999998
13.31453,0.45208000000000004,0.75225,0.64305,4.00908,1.49755,-0.03073,0.23515,0.28976999999999997,0.25897,0.16052,0.09307,0.28326,0.11175,-0.46774,4.714090000000001,0.13852
13.483,-0.38558000000000003,1.36422,1.2893299999999999,1.53783,1.74027,-0.12037,0.14084000000000002,-0.89,-0.86951,0.08065,0.12684,0.26106,0.08249,0.74869,6.7944,0.15784
14.200579999999999,-0.31425,0.9289200000000001,1.07417,4.20226,0.9086,-0.01082,0.27619,-1.4291200000000002,-0.52336,0.02027,0.13416,0.27960999999999997,0.10868,0.13199,4.31161,0.13097999999999999
12.8452,0.65587,0.35139000000000004,1.14155,4.35489,1.4688299999999999,-0.13477999999999998,0.14268,0.38389,0.84359,0.0731,0.10328,0.17497000000000001,0.10250999999999999,-0.01929,4.3998800000000005,0.14786
18.39423,0.41247,1.08867,1.43159,1.7422099999999998,1.64553,-0.08388,0.28091,-1.06839,-0.50283,0.06279,0.10765,0.1603,0.062110000000000005,0.72695,7.01444,0.14705
13.45149,-0.15265,1.40202,0.66562,4.54392,0.60193,0.15905,0.21189000000000002,-1.71402,0.73246,0.07862999999999999,0.19324000000000002,0.1894,0.13216,0.010440000000000001,7.29563,0.15857000000000002
18.40531,0.17554,1.98016,0.8743,1.17255,1.65123,-0.18012,0.19084,-0.41903,0.10425999999999999,0.0946,0.05815,0.13693,0.0873,-0.20729,2.88334,0.14932
13.204329999999999,-0.58095,1.12259,0.77207,0.98269,0.77375,0.00266,0.16194,0.94179,0.39025,0.14573,0.043989999999999994,0.22865,0.13805,0.64142,2.6366400000000003,0.16207
14.04,-0.36186,1.15812,1.01535,4.337619999999999,0.74932,-0.13176,0.15763,-1.4469,0.42055,0.0885,0.13735999999999998,0.13759000000000002,0.0921,0.35843,2.75673,0.14169
18.7733,-0.66264,1.2181,1.25311,0.60995,1.59709,-0.13752,0.272,-1.5643,0.93327,0.07612999999999999,0.10617,0.201,0.04272,-0.31806,6.53437,0.14149
10.81495,0.25143000000000004,1.8217700000000001,1.43939,3.4100800000000002,0.39975,-0.14110999999999999,0.16197999999999999,-1.49312,0.039619999999999995,0.10894000000000001,0.03923,0.24874000000000002,0.08121,-0.73522,4.88203,0.14587
12.46992,-0.16507,0.38772,0.85641,1.94503,0.80891,-0.07403,0.25185,-0.56895,0.35208,0.08313999999999999,0.1634,0.16984000000000002,0.13776,0.14934,4.52037,0.14339000000000002
13.69389,0.17739000000000002,0.45193,1.22872,1.88031,1.1118,0.19822,0.1462,-0.9659,0.85921,0.06134,0.16832,0.20794,0.09427,0.2382,3.3163400000000003,0.13495
18.99765,0.57843,1.23599,0.65009,1.6155899999999999,0.40389,-0.02586,0.23331,-1.04411,-0.19671,0.07584,0.12542999999999999,0.22399000000000002,0.09872,0.61582,5.5971400000000004,0.13046
12.58935,0.28993,1.57215,1.27321,4.03293,1.59269,0.0005099999999999999,0.18333,-0.97173,0.98874,0.03826,0.03298,0.12434,0.12729000000000001,-0.25379,3.80706,0.14568
15.617329999999999,-0.37585999999999997,1.26631,0.8498600000000001,4.00565,1.7250400000000001,-0.25519000000000003,0.16482,0.55019,0.00992,0.13514,0.05781,0.26052,0.11083,0.6241,7.13577,0.16480999999999998
17.23447,0.31727,0.87498,1.20431,1.25452,1.46987,0.15150999999999998,0.24724000000000002,-0.0054600000000000004,0.6038600000000001,0.18492,0.04362,0.14727,0.12407,0.01898,7.448869999999999,0.13987
14.60471,-0.13371,1.90618,0.82463,4.68536,0.85559,0.015269999999999999,0.14204,-1.22176,0.20653000000000002,0.03126,0.04219,0.27833,0.10084,-0.33355,3.27243,0.15463
16.42176,-0.33313000000000004,1.55459,1.43202,1.07876,1.44789,-0.09369,0.25343000000000004,-0.47153999999999996,1.90166,0.1846,0.06922,0.1776,0.0677,-0.48768,3.4059800000000005,0.15505
11.0052,0.49954,1.3270600000000001,1.2514,1.78625,1.8139900000000002,-0.24113,0.22139,-0.4556,1.30942,0.12022999999999999,0.10985999999999999,0.26579,0.12559,0.7947,6.55285,0.13627
11.67755,0.44281000000000004,1.52041,0.9829200000000001,0.75188,1.7646700000000002,0.03514,0.18786,-1.75561,0.41261000000000003,0.04338,0.07466,0.23025,0.03851,0.37696999999999997,2.91052,0.1379
14.55158,0.38706,0.63354,1.09705,1.7663799999999998,1.78415,0.25826,0.25498000000000004,0.58353,0.16784000000000002,0.08961000000000001,0.18646,0.25056999999999996,0.059489999999999994,-0.23806,3.8709599999999997,0.15425
15.90603,-0.52955,1.32207,0.72353,3.59047,0.76162,0.21561,0.19902999999999998,0.39616999999999997,0.62642,0.04952,0.06556000000000001,0.15623,0.12009,0.51177,6.07814,0.13895
13.783529999999999,0.27115,1.57924,0.8104600000000001,0.45393999999999995,0.8104399999999999,-0.21108000000000002,0.22632,0.67732,1.24193,0.04068,0.14467,0.17078,0.06407,0.60798,5.21194,0.16011
16.70917,0.32831,0.77686,1.2905200000000001,1.29309,1.1709,0.19584000000000001,0.27024000000000004,-1.8729900000000002,0.9243899999999999,0.10013,0.06395,0.25254,0.12647,0.46016,4.53981,0.14529
15.434470000000001,-0.40813,1.9549599999999998,1.09172,0.71192,0.68772,0.19705,0.1603,0.23096999999999998,1.71925,0.07541,0.048,0.22279000000000002,0.11729,0.04189,5.783980000000001,0.15884
15.1565,-0.47536000000000006,1.17686,1.26546,3.67772,1.25989,0.14959,0.24269000000000002,0.82414,-0.25536,0.15730999999999998,0.15229,0.1308,0.0461,-0.29412,5.626580000000001,0.15347
16.83835,-0.64264,0.71854,0.8603200000000001,3.93088,0.71218,0.16522,0.26639,0.35057,1.66944,0.17586,0.16954,0.2473,0.09164,0.10757,7.28269,0.14783
18.22033,0.34803,0.63871,0.90427,3.33869,0.56635,0.13563,0.26395,-0.31283,0.26478,0.07481,0.02427,0.12605,0.12946,-0.27393,4.252680000000001,0.15912
13.1477,-0.37801999999999997,1.14293,1.4122,4.18985,0.9251,0.16111,0.25411999999999996,-1.0746799999999999,1.1054,0.10175,0.14665999999999998,0.17129,0.09723,0.039830000000000004,7.166760000000001,0.1316
14.701889999999999,-0.00842,0.7136600000000001,0.75854,1.27969,1.9605,-0.18868,0.14445,-0.79268,0.33919,0.19205,0.16585999999999998,0.17564000000000002,0.04311,0.43648000000000003,6.24101,0.15537
16.2624,0.35846,0.5295,1.114,2.90197,0.42955,0.11197,0.21646999999999997,0.41876,-0.53264,0.08376,0.057010000000000005,0.16642,0.05761,0.026789999999999998,5.10513,0.13078
14.851320000000001,0.12002,1.92385,0.67404,3.81794,1.8728599999999997,-0.00283,0.17784,-0.69976,1.75813,0.020730000000000002,0.06708,0.27639,0.04004,-0.21104,3.85227,0.13717000000000001
12.60387,-0.28315999999999997,0.49873999999999996,0.5928800000000001,2.0685700000000002,1.8315,0.21316999999999997,0.25961999999999996,-1.37794,1.81263,0.14005,0.03159,0.22991999999999999,0.11288,-0.43758,3.24024,0.13858
14.88957,0.12815,1.20492,0.86825,3.26135,0.91964,0.2626,0.23809,-1.68172,-0.6694,0.06305,0.19165,0.16710999999999998,0.07758,0.68777,3.8726800000000003,0.15012
16.99754,-0.10537,1.31989,1.0291,4.08208,1.9234099999999998,-0.29830999999999996,0.24324,-1.31746,-0.4646,0.11953,0.12208,0.25375,0.11595,0.38906999999999997,6.26049,0.14012
19.55109,0.5129100000000001,1.43511,0.9132600000000001,4.81195,1.56057,-0.05857999999999999,0.16987,0.40876,0.37388000000000005,0.14533,0.08446000000000001,0.2856,0.05716,0.31487,6.784089999999999,0.13351
10.36425,0.3863,1.7234099999999999,1.40049,2.96065,0.67961,0.24763000000000002,0.1395,-1.64628,0.53145,0.1732,0.08192999999999999,0.15738,0.02827,0.14424,3.1259200000000003,0.14907
14.16823,0.0073,1.38305,0.9648700000000001,2.2784400000000002,1.00516,-0.06395,0.15112,0.5278,1.8858700000000002,0.17751,0.13546,0.25822,0.10027,0.28891,7.40401,0.15863
15.01968,0.08478,1.61232,0.8969799999999999,2.9474,1.16985,0.09527999999999999,0.2028,0.08597,-0.57955,0.1901,0.12272999999999999,0.20207999999999998,0.13652,-0.43046,4.6081,0.16496
14.63325,0.55248,0.6866800000000001,0.8959600000000001,2.83691,1.9410599999999998,-0.03582,0.25275,0.64273,0.8733700000000001,0.07371,0.14053,0.14923,0.13965,-0.52253,7.07435,0.15541
18.6472,0.26754,0.46079,1.25604,2.53397,0.62424,0.22244,0.23963,-0.28624,1.30009,0.17263,0.06801,0.27065,0.04281,0.21858000000000002,3.9703699999999995,0.13007
18.55036,0.03952,0.75858,1.28344,4.6193,1.95498,0.07212,0.27507,-0.03898,-0.8206200000000001,0.07518999999999999,0.11607,0.28923000000000004,0.05611,-0.09452999999999999,7.65366,0.13552999999999998
14.96483,0.34678000000000003,1.6671099999999999,1.27837,1.9661,0.53773,0.22763000000000003,0.22801999999999997,-0.48823999999999995,0.7837,0.1693,0.023180000000000003,0.18298,0.02812,-0.19055999999999998,6.27559,0.13213
14.41518,0.36585,1.2753700000000001,1.15888,0.8301,1.39055,-0.20704,0.2833,-1.45574,-0.03662,0.02327,0.10601,0.14831,0.13518,-0.18299,2.46069,0.15685
11.582469999999999,0.40431,1.6741099999999998,1.01809,1.44685,1.2246700000000001,-0.12479000000000001,0.17486,-1.15124,1.78267,0.12875,0.01061,0.23065,0.05057,-0.16488,6.0916,0.15704
18.20652,-0.6551899999999999,0.44438999999999995,0.8881399999999999,2.72736,1.96839,0.21638000000000002,0.20626999999999998,-1.3493,-0.27958,0.05412,0.05111,0.2615,0.0687,0.11020999999999999,5.76408,0.14004
15.137089999999999,-0.24934,1.86277,0.7815,0.83624,1.8098,0.17409000000000002,0.20062,-0.25773,-0.38582,0.057010000000000005,0.04278,0.20165,0.03766,0.40359,2.7528599999999996,0.16174000000000002
11.297310000000001,0.24213,1.1789100000000001,1.06185,3.7359400000000003,1.98658,-0.11915999999999999,0.27726,-0.88007,-0.60675,0.046130000000000004,0.06146,0.15599000000000002,0.09615,-0.60856,7.4905,0.13467
12.128860000000001,0.09996000000000001,0.49283000000000005,1.2355,3.68601,0.72231,0.2418,0.25536,-0.8758799999999999,1.11404,0.01167,0.16758,0.19941,0.08678999999999999,-0.71712,3.1459799999999998,0.16157
15.519379999999998,0.47598,1.29932,1.05196,0.36275999999999997,0.86246,0.24251,0.16677999999999998,-0.5546399999999999,-0.41813999999999996,0.0442,0.11249,0.26761,0.12992,-0.44213,6.25286,0.13671
11.04467,-0.08635,1.58847,1.05472,2.24467,1.45577,0.16792,0.1917,-0.8246600000000001,-0.92409,0.19525,0.09932,0.16414,0.05729,0.7211,6.04882,0.13972
18.58483,0.16329000000000002,1.89188,0.9898100000000001,2.09143,1.73662,-0.031439999999999996,0.2609,-0.8976,0.6346,0.12475,0.17661,0.25855,0.14874,-0.2472,3.3076800000000004,0.13864
10.38433,0.5364,1.7741099999999999,0.6611899999999999,2.9888,0.8937299999999999,-0.02827,0.23924,-0.84447,1.4107299999999998,0.03082,0.11955999999999999,0.26347,0.11263,0.36834,5.00547,0.15083
19.193720000000003,0.19205,1.07304,0.97165,4.22231,1.34295,0.02947,0.22544,-1.31172,1.1946,0.192,0.07112,0.20723000000000003,0.0583,-0.5557,7.14845,0.15557
19.763189999999998,-0.14088,1.28695,1.38309,3.46976,1.7511,0.27878000000000003,0.20701999999999998,-0.32933,-0.71935,0.02428,0.13582,0.20897,0.04489,0.0045899999999999995,3.624,0.14579
11.5785,-0.2868,1.11475,1.10158,0.74508,1.89019,0.18517,0.18156,-1.04643,0.8255299999999999,0.09949,0.17137,0.13501,0.11625,0.28056,5.74555,0.16159
18.705,0.49283000000000005,1.99953,1.03141,1.8599599999999998,0.45395,-0.0803,0.16795,0.14162,1.955,0.10079,0.1759,0.18685,0.041089999999999995,-0.10042999999999999,5.221480000000001,0.14411
14.697170000000002,0.58062,0.45921000000000006,0.6320600000000001,4.86819,1.4824899999999999,0.14551,0.20958000000000002,-1.0257399999999999,0.47271,0.16759000000000002,0.0861,0.24708000000000002,0.1337,0.33725,3.28766,0.15809
17.00208,-0.55216,0.48804,0.7063,0.14655,0.8441799999999999,-0.20377,0.23589000000000002,0.03843,0.39749,0.1024,0.15252000000000002,0.18544000000000002,0.05264,0.25481,3.5226599999999997,0.1605
15.5594,0.29498,1.62616,0.71309,0.33107,1.15184,0.07074,0.24181,0.14608,-0.62353,0.13956,0.14864000000000002,0.28365,0.026439999999999998,-0.51826,3.26072,0.15035
14.912379999999999,0.68102,1.8055299999999999,0.72092,4.31062,1.71786,0.09038,0.28023000000000003,0.28208,-0.48213,0.19484,0.15437,0.23704,0.08807999999999999,0.64512,5.65031,0.14182999999999998
18.01786,-0.03408,1.35093,0.8421299999999999,3.3934699999999998,1.31922,0.17815,0.17964000000000002,0.54886,1.1670399999999999,0.14499,0.07165,0.15677,0.06311,-0.15822,3.0520099999999997,0.14420999999999998
16.19598,-0.33324000000000004,0.65049,1.3570200000000001,1.01873,1.08487,0.10265999999999999,0.22248,0.15398,-0.02138,0.03007,0.18200999999999998,0.27551,0.10597000000000001,0.39396,5.83378,0.1495
10.1356,-0.48628000000000005,1.6488200000000002,0.6697,3.1192599999999997,1.7434599999999998,0.1831,0.278,-0.5366,-0.33297,0.12184,0.15989,0.16272,0.14267,-0.08586,6.336,0.13402999999999998
16.94634,0.14487,0.98779,1.12885,3.96527,0.64337,-0.23,0.15625,-0.94145,1.958,0.14072,0.15708,0.25493000000000005,0.12804000000000001,-0.07814,2.83236,0.14090999999999998
12.90305,0.54297,1.97583,1.3091899999999999,1.1335600000000001,0.97024,-0.20879,0.28461,0.80574,-0.05612,0.11364,0.06346,0.19107000000000002,0.14507,-0.0543,5.741569999999999,0.15644
12.992519999999999,-0.01818,0.74006,0.5837600000000001,3.46182,0.38981,-0.11437,0.17026,-0.8566,0.9759700000000001,0.10825,0.09064,0.19693,0.07735,-0.37718,7.3813699999999995,0.15997
18.63456,0.3832,0.6895,0.81429,0.67374,1.2256,0.1104,0.18997999999999998,-0.9943700000000001,0.70978,0.025710000000000004,0.16080999999999998,0.14374,0.03393,0.06797,3.49039,0.1599
17.848879999999998,0.63338,0.45613000000000004,0.59432,1.034,1.7885900000000001,-0.18447,0.16348,0.29768,1.00905,0.11126,0.05215,0.26511,0.12529,-0.65212,4.1612800000000005,0.15116
15.413689999999999,0.03565,1.7543099999999998,0.64958,1.4924,1.8939700000000002,-0.05003,0.1964,-1.46024,0.22019,0.17162,0.05407000000000001,0.21895,0.06476,-0.56938,7.9351899999999995,0.13885999999999998
18.27672,-0.31640999999999997,0.9108299999999999,1.32795,3.6458699999999995,1.75853,-0.16610999999999998,0.27175,0.9256200000000001,1.54493,0.12702,0.04057,0.28965,0.0497,0.60116,4.22503,0.15824000000000002
15.24291,-0.55701,1.7945900000000001,1.29562,1.4341700000000002,1.6976200000000001,-0.22744,0.13644,-1.48252,1.37065,0.05065,0.05587,0.24222,0.07837000000000001,0.08282,6.82825,0.14344
12.3339,0.29365,0.39108000000000004,0.88654,3.73242,1.4505,0.18206,0.27578,-0.20511,0.76027,0.14237,0.06421,0.15392,0.04087,0.38154,2.2596,0.16169
18.534129999999998,0.44035,1.49363,1.29662,1.84169,1.33867,0.10468,0.16627999999999998,-1.88365,0.48439,0.19763,0.16652,0.15525,0.12383,0.26108000000000003,3.1571,0.15450999999999998
12.07729,0.37706,0.41603,1.40511,1.71255,0.89615,0.19425,0.16726,-1.40812,0.86608,0.17064000000000001,0.13102,0.21561999999999998,0.03081,-0.58349,5.87675,0.14444
11.99739,0.35107,1.47632,1.36112,0.8458700000000001,0.93295,0.14782,0.20724,-1.06266,1.93668,0.16174000000000002,0.0677,0.23676,0.1261,-0.66583,2.33045,0.1633
17.43536,-0.12087,0.78383,0.58113,3.75207,0.5957100000000001,0.01595,0.16129000000000002,0.7146399999999999,1.20387,0.08108,0.1963,0.19392,0.039580000000000004,0.07296,7.21468,0.14202
16.56784,0.5716600000000001,1.82907,1.442,1.06028,1.47338,0.01847,0.27910999999999997,-1.14278,-0.6594399999999999,0.17129,0.0963,0.166,0.04915,-0.35336999999999996,5.48995,0.1561
19.993920000000003,-0.5343100000000001,0.5768,0.7096,3.15917,1.7703900000000001,-0.17281,0.29658,-0.39064,0.46101000000000003,0.023540000000000002,0.04439,0.20949,0.0872,-0.26979000000000003,3.77975,0.13114
19.44505,0.50478,0.9702200000000001,1.20954,4.41224,1.2425899999999999,-0.22221,0.13344,-1.08002,0.61892,0.07067000000000001,0.10026,0.13313,0.07825,-0.38256999999999997,6.12959,0.14118
12.69869,0.24911,0.92396,1.33436,1.8934,1.30586,-0.10862000000000001,0.17911,-0.11119000000000001,1.56761,0.03719,0.15496,0.28996,0.11849000000000001,-0.6947300000000001,6.10416,0.14232999999999998
11.02206,-0.06535,1.11876,1.02616,4.817419999999999,1.50055,-0.20185999999999998,0.16545,-1.36325,1.28282,0.18414,0.02918,0.18704,0.06952,-0.75955,2.97421,0.16075
15.979079999999998,0.28135,0.98416,1.1960899999999999,4.87726,1.9582,-0.04489,0.20670999999999998,-0.33216,1.14303,0.19259,0.18488,0.14013,0.04835,0.76766,4.81195,0.13234
11.733410000000001,0.2299,1.59676,1.0800299999999998,0.43982,0.9039299999999999,0.27263000000000004,0.13497,-0.31944,-0.5875100000000001,0.03216,0.14503,0.13444,0.053320000000000006,0.33379000000000003,6.21842,0.1414
19.63815,0.38996,0.9514100000000001,0.74346,0.85641,1.60962,0.013019999999999999,0.28581999999999996,0.02132,0.86003,0.09906000000000001,0.04087,0.27325,0.045939999999999995,-0.10872000000000001,6.844180000000001,0.13542
18.88574,-0.61343,1.18146,0.9473,3.54125,0.47225,-0.13425,0.17669,-1.55609,-0.9005,0.0854,0.16716,0.1304,0.08903,-0.6453300000000001,5.08899,0.15136
17.58684,0.64679,0.54062,0.6915,1.8269400000000002,1.39943,-0.08157,0.23031,-1.24666,-0.30724,0.05312000000000001,0.1745,0.2588,0.04041,-0.61611,6.5926800000000005,0.14847
19.874,0.24449,0.32986,1.2173,3.2834199999999996,0.39643,-0.27216999999999997,0.1745,0.86745,0.1164,0.052070000000000005,0.08871,0.28394,0.032369999999999996,0.19319,2.17117,0.13362000000000002
19.9592,0.46998,1.374,1.33101,1.0832,0.46621,0.07322999999999999,0.18345,0.6482600000000001,1.17449,0.08881,0.08562,0.14065999999999998,0.11750999999999999,0.27547,2.15326,0.16276
17.75173,0.12215999999999999,0.37882,1.01195,3.8544699999999996,0.41118999999999994,0.08232,0.13382,-0.36099000000000003,-0.23574,0.16856,0.1106,0.17044,0.0756,0.68907,5.057169999999999,0.15734
19.68419,0.39729000000000003,1.49175,1.32006,2.5248,1.9943400000000002,-0.06797,0.1848,-1.2575399999999999,-0.1156,0.1515,0.02978,0.29168,0.0896,0.16035,4.01649,0.15787
18.43639,-0.54209,0.96473,0.66232,0.58999,1.35901,0.17057,0.28824,-1.9266400000000001,0.28317,0.16689,0.13434000000000001,0.20463,0.13927,0.60395,7.63088,0.15657000000000001
15.193620000000001,-0.49928,0.856,0.57395,0.6845,1.84748,0.09458,0.15477,-0.04931,1.78722,0.06539,0.060770000000000005,0.13905,0.11953,0.09289,6.72485,0.14777
17.50677,0.22541,0.65379,0.63956,4.06745,0.74735,-0.053,0.27634000000000003,-0.67869,-0.68538,0.08011,0.10895,0.20606999999999998,0.052489999999999995,0.39939,6.87735,0.1646
18.125970000000002,-0.6320600000000001,1.6534799999999998,1.41151,1.2578799999999999,0.48963999999999996,0.06617999999999999,0.14903,-1.6916900000000001,-0.08441,0.0354,0.16869,0.2248,0.14348,0.12397000000000001,6.36696,0.15248
17.56557,-0.11792000000000001,0.85031,0.9303,0.40721,0.9085200000000001,-0.17135,0.2033,-1.18069,1.7455900000000002,0.09399,0.027280000000000002,0.17536,0.1388,-0.67737,5.45549,0.14991
17.60033,-0.37085,0.94319,1.13467,3.8428699999999996,0.73985,-0.08639,0.25068,-1.70967,-0.9969299999999999,0.13865999999999998,0.02085,0.23438,0.12689,-0.6813,6.9778899999999995,0.13571
11.10342,0.0202,1.7782900000000001,1.21947,3.7181699999999998,0.77892,-0.08454,0.22704000000000002,-1.35553,1.17821,0.17407,0.18258,0.21116999999999997,0.0554,0.40036,3.7427900000000003,0.15307
17.98299,0.22351,1.23975,0.57895,0.50233,0.3858,0.02084,0.1862,0.78399,1.70235,0.18972999999999998,0.14215999999999998,0.2332,0.1093,-0.14586,2.19096,0.15374000000000002
10.422419999999999,0.32747,1.3111899999999999,0.9141799999999999,3.36895,1.9103400000000001,-0.28091,0.24903000000000003,0.5413100000000001,0.10006,0.0638,0.181,0.15424000000000002,0.040619999999999996,0.36465,5.573230000000001,0.14105
19.159470000000002,-0.4724,1.9897,0.72509,3.92938,0.8508399999999999,-0.0122,0.29431999999999997,-0.74135,-0.98882,0.07293999999999999,0.09226000000000001,0.24439,0.12835,0.43955,6.7539,0.14640999999999998
15.70386,-0.07692,1.1291200000000001,1.29316,3.6946,1.27474,-0.23515999999999998,0.29079,0.09494,-0.61011,0.0499,0.013309999999999999,0.28235,0.13393,0.58924,3.22418,0.13871
13.02289,-0.54808,0.41113,1.47949,2.7351,1.25047,0.27229000000000003,0.22969,0.25090999999999997,1.7640099999999999,0.03453,0.09167,0.25709,0.10499000000000001,0.38468,2.02902,0.13815
12.270719999999999,0.37876,1.39362,1.4286,4.4455599999999995,0.72036,0.15491,0.22436999999999999,-0.07235,0.33026,0.08622,0.03998,0.27771999999999997,0.04863,0.29545,3.17325,0.15497
11.383989999999999,0.5274399999999999,1.3075299999999999,0.62956,0.16921,1.55359,-0.16766,0.15684,0.73102,0.58281,0.16498,0.08321,0.27095,0.04986,0.43385,4.44115,0.14481
14.141020000000001,-0.08217,1.3700700000000001,1.06606,0.46688999999999997,0.37754,-0.11804,0.26618,0.5092399999999999,-0.13219,0.11605,0.12462000000000001,0.20026,0.05895,0.37387,2.80933,0.13273
17.20245,-0.25923,1.16714,0.56174,3.24333,1.12061,0.27651,0.19862,-1.90195,1.6866299999999999,0.13310999999999998,0.13790999999999998,0.29186999999999996,0.1017,-0.35848,5.41545,0.14922
12.931410000000001,-0.47013,1.6012899999999999,1.19164,4.65099,1.92025,-0.21318,0.1653,0.31514000000000003,1.32645,0.16004000000000002,0.11264,0.23468000000000003,0.11652,-0.24999000000000002,7.05324,0.13577999999999998
10.939119999999999,-0.46083999999999997,1.48005,1.27146,1.6724299999999999,0.74251,-0.22541999999999998,0.16063,0.31864000000000003,-0.02893,0.15852,0.16289,0.18116,0.11484000000000001,-0.10372999999999999,5.14024,0.14672000000000002
17.64484,-0.5608,0.61255,0.59836,1.7914700000000001,1.8607799999999999,-0.15186,0.18657,-0.9779200000000001,1.41686,0.17288,0.18795,0.27715,0.09956,-0.29689,4.06987,0.13153
10.157739999999999,-0.27059,1.19921,1.27542,4.6010599999999995,0.8595299999999999,0.28936,0.1625,0.40508,-0.15879000000000001,0.19438,0.04956,0.29667,0.06977,-0.08088,6.9535800000000005,0.14384
18.848879999999998,0.5576399999999999,1.78076,0.9446700000000001,4.05484,1.05408,-0.03292,0.1435,-1.18434,1.7718599999999998,0.10765,0.02891,0.24573000000000003,0.094,0.66051,2.0411099999999998,0.13515
12.285219999999999,0.35828000000000004,1.58199,0.69472,0.72731,1.74615,0.21924000000000002,0.27988,0.35814,-0.047639999999999995,0.1115,0.10687,0.1315,0.08797999999999999,-0.01797,4.19081,0.15486
15.691270000000001,-0.41207,1.8417400000000002,0.9101899999999999,4.52647,1.10758,0.22569,0.14579,-1.55339,0.9585799999999999,0.09978,0.013630000000000001,0.206,0.12317,0.03583,7.5579,0.14659
16.6972,-0.57615,1.20862,1.45385,0.49633999999999995,1.54006,-0.24301999999999999,0.15702,-0.22716999999999998,-0.58041,0.17442,0.026639999999999997,0.22904000000000002,0.10615,0.52952,2.63256,0.16105
12.05165,0.6027600000000001,0.57144,0.8700200000000001,1.91094,0.79489,-0.26263000000000003,0.27238,-0.48353,-0.45515,0.02447,0.08027999999999999,0.28612,0.056589999999999994,0.7623,5.242380000000001,0.14403
15.640820000000001,-0.17072,1.86637,0.9925,4.26926,1.40491,-0.02161,0.15389,-0.51243,-0.8366,0.13681,0.1824,0.29616,0.054810000000000005,-0.3992,5.357130000000001,0.15162
18.03214,-0.69,0.33931,1.48387,4.12155,1.13646,-0.077,0.14188,-1.7205700000000002,-0.9598,0.11073,0.020319999999999998,0.14678,0.07114,-0.013330000000000002,7.0268,0.14981
18.86361,-0.21265,1.6820099999999998,1.4492200000000002,0.38899,1.18096,0.16041,0.19253,-0.91284,0.42928999999999995,0.06771,0.05853,0.1443,0.04247,0.66456,7.47527,0.15603
17.83235,0.14773,1.35515,1.38628,3.3123,1.6242,0.2093,0.17489000000000002,0.87354,1.4513,0.15577,0.19016,0.27753,0.07777,0.6228600000000001,2.3597,0.15746
14.292829999999999,-0.14782,0.37161,1.02205,1.12414,1.42009,-0.2,0.25805,-1.1213799999999998,0.91394,0.14868,0.15556,0.15079,0.0266,-0.4072,2.72784,0.13318
10.67945,-0.2438,1.53185,1.49082,2.79832,1.82998,0.11395999999999999,0.14413,0.66305,1.24757,0.09744,0.10812999999999999,0.29236,0.05902,-0.54378,7.5787,0.16036
13.166570000000002,0.45058000000000004,0.44159,0.7144,3.4936599999999998,1.05,0.14427,0.21611,-0.5243399999999999,0.59618,0.18003,0.0621,0.12558,0.13146,-0.7400800000000001,4.34719,0.14053
16.60065,-0.22721,1.29534,1.33776,3.8733199999999997,0.75655,0.11657000000000001,0.29215,0.82991,1.5216100000000001,0.06924,0.19818,0.27037,0.14884,-0.57908,2.38541,0.15697
16.079079999999998,-0.22578,0.81523,1.17131,0.23348000000000002,1.8463900000000002,-0.062079999999999996,0.15905999999999998,-1.51442,1.02539,0.03159,0.06934,0.13202,0.08587,0.58699,3.06925,0.14128
17.81144,-0.6865100000000001,1.22328,0.5967899999999999,0.9044,1.34954,-0.21458000000000002,0.14805,-1.27454,-0.07591,0.15282,0.03202,0.22034,0.0353,0.48996000000000006,4.766769999999999,0.13124
17.1731,-0.52104,0.46397,0.75688,4.243609999999999,1.92724,0.11454,0.2927,-1.6725400000000001,0.37428,0.11509000000000001,0.17870999999999998,0.17827,0.07214,0.25719000000000003,3.6572400000000003,0.15187
13.56148,-0.69513,1.21472,0.9686899999999999,0.88084,1.85143,-0.25893,0.29957,0.53357,1.0343200000000001,0.03329,0.07352,0.19776,0.04167,-0.28762,5.96621,0.15755999999999998
10.82505,-0.05702,1.9604099999999998,1.44135,2.1092,1.37794,0.23198000000000002,0.23133,0.06799,-0.84041,0.1301,0.11473,0.24974000000000002,0.14190999999999998,-0.20398,7.84502,0.15008
16.053810000000002,0.37356999999999996,1.44536,0.55257,2.26607,1.29386,-0.25055,0.17338,-1.59525,1.1333,0.02153,0.09435,0.15125999999999998,0.1107,0.41161000000000003,7.9009,0.15407
15.03045,0.41702,0.8372299999999999,1.2423799999999998,0.68785,0.49927,-0.04116,0.27947,-0.10601,-0.46931999999999996,0.12385999999999998,0.15091,0.26886,0.12972999999999998,-0.23487,2.00846,0.1638
18.313860000000002,0.49028999999999995,1.91077,0.87813,2.4297,0.94278,-0.26343,0.29406,-0.86172,1.5539,0.04183,0.17814000000000002,0.23546999999999998,0.037239999999999995,-0.55805,2.66181,0.13189
12.17451,0.39789,1.5768,1.2877,1.04488,1.32484,0.12392,0.21283000000000002,0.8933200000000001,1.35741,0.022719999999999997,0.01438,0.29578000000000004,0.11635999999999999,0.77636,5.61768,0.16039
18.1799,0.31099,1.2912299999999999,1.08756,1.38339,1.52514,-0.14282,0.13144,-1.21327,-0.10332000000000001,0.0898,0.17689000000000002,0.27153,0.07594,0.47503999999999996,4.356990000000001,0.13339
13.04142,-0.2972,1.9296799999999998,0.61769,3.5712800000000002,0.8205100000000001,-0.15719,0.29678000000000004,0.26108000000000003,-0.43883,0.19730999999999999,0.11524000000000001,0.27276,0.09802000000000001,-0.78362,6.4006300000000005,0.15047
10.01187,0.43663,0.71496,0.63765,2.4268400000000003,1.11721,0.21206999999999998,0.16927,0.30781,-0.34058,0.04874,0.09995,0.15177000000000002,0.10912000000000001,0.5711,2.9647200000000002,0.13825
17.78647,-0.40002,0.89151,0.51891,3.07183,1.78227,-0.1365,0.23986999999999997,-0.5454600000000001,-0.53961,0.059120000000000006,0.04924,0.18028,0.1375,-0.6360899999999999,5.71523,0.15941
11.43796,-0.62033,0.59446,0.5434,0.33416,1.28852,-0.26921999999999996,0.17403,-1.83675,-0.39936,0.11840999999999999,0.14315999999999998,0.26277,0.08326,0.21495,4.975,0.15069000000000002
19.85117,-0.02973,1.74585,1.0016,1.6589599999999998,0.62922,-0.18969,0.2731,-1.58111,1.2742200000000001,0.18312,0.14369,0.15892,0.046360000000000005,0.08388999999999999,6.28446,0.1592
12.23818,-0.21748,0.43087,0.56675,0.5855899999999999,1.28467,0.20064,0.29328000000000004,0.48596999999999996,-0.06811,0.09834,0.0705,0.23293000000000003,0.12032000000000001,0.6512399999999999,7.9536,0.13257
11.44157,0.25649,1.76311,1.25994,4.17646,0.3413,0.2664,0.15299000000000001,0.6137699999999999,0.01935,0.09487000000000001,0.13818,0.15286,0.14991,0.32821,3.3572900000000003,0.16072
12.51635,-0.6398699999999999,1.65672,1.38809,3.3596699999999995,1.64857,0.04601,0.22621,-0.52099,1.48458,0.10330999999999999,0.0604,0.13369,0.05429,-0.72559,3.75495,0.13238
13.767129999999998,0.64084,0.3978,1.24968,1.5518,0.9918100000000001,-0.14955,0.16443,-0.03213,-0.9149200000000001,0.03775,0.19459,0.26700999999999997,0.05111,-0.21325,2.45071,0.15719
16.35429,-0.20114,1.6965700000000001,0.54964,4.89795,0.5211600000000001,0.0891,0.22882,-0.71575,1.8529900000000001,0.19574,0.02572,0.27343,0.03307,0.58262,4.104769999999999,0.13427
10.26563,-0.46224,0.38193,1.4356200000000001,2.85436,0.38017,0.12158,0.25458000000000003,-1.90467,0.2501,0.03873,0.017269999999999997,0.22146,0.04351,0.28484,7.42955,0.13689
15.66371,0.56226,1.52085,0.95168,0.13749,1.86641,0.14317,0.17725,-0.90415,1.65621,0.18389,0.03399,0.17010999999999998,0.07292,0.44478,4.2327900000000005,0.1365
10.86781,0.07254,0.56172,1.48631,1.15193,1.68671,0.06505,0.13218,0.62761,0.15624000000000002,0.04272,0.03027,0.20551999999999998,0.12715,-0.47891999999999996,2.20873,0.15578
16.211679999999998,-0.44298000000000004,1.41205,1.1688399999999999,2.36954,0.7369899999999999,0.023809999999999998,0.19702999999999998,-0.79848,1.95133,0.10489000000000001,0.19211,0.29415,0.03505,-0.13674,5.253080000000001,0.13137000000000001
15.586070000000001,-0.23018000000000002,1.4233,0.76281,1.22211,1.51225,0.07495,0.2748,-1.01969,1.22718,0.0104,0.15750999999999998,0.23503000000000002,0.08323,0.5465,7.2744100000000005,0.14024
10.85312,-0.25745,1.88677,1.34296,3.3445199999999997,0.79711,0.2881,0.28251,-1.91126,-0.57338,0.06322,0.09176000000000001,0.24117,0.13425,-0.32128,3.93782,0.13199
19.80869,0.5212100000000001,1.8439599999999998,0.90144,3.9913300000000005,1.7215599999999998,0.030910000000000003,0.24811,0.10603,0.31062,0.10662999999999999,0.03859,0.24261,0.14632,0.31963,7.418419999999999,0.15961
15.33123,-0.6675,1.3403100000000001,0.97503,1.6916799999999999,0.5708300000000001,0.24365,0.26164,0.5213399999999999,-0.7993600000000001,0.14887,0.13175,0.2577,0.07636,-0.28825,6.626519999999999,0.13008
18.14805,0.27162,1.1652799999999999,0.61235,0.2795,0.32018,-0.17823,0.17252,0.5865600000000001,-0.30265,0.13218,0.0715,0.17471,0.08663,-0.7962100000000001,7.77606,0.13024000000000002
13.1032,-0.53901,0.35517,1.3961700000000001,1.70354,0.48053,0.13544,0.22899,-0.9460200000000001,-0.32153000000000004,0.0777,0.08159,0.12312000000000001,0.13452999999999998,-0.55182,7.36884,0.13978
10.467080000000001,-0.08843,0.48388000000000003,1.17212,4.71509,1.8007400000000002,0.11588,0.21486999999999998,-1.4169100000000001,-0.5493100000000001,0.0305,0.15794,0.26638,0.045380000000000004,0.5254300000000001,7.53285,0.14872
14.66089,-0.6793100000000001,0.52365,1.49605,0.41308,0.55487,-0.08167,0.28031,-0.40734000000000004,0.78147,0.07186000000000001,0.015059999999999999,0.26597,0.08934,0.36691999999999997,3.8428199999999997,0.15798
12.49196,-0.51612,0.37758,1.2474,0.66097,0.55064,0.1773,0.21128000000000002,-1.94523,1.4204700000000001,0.037380000000000004,0.19923,0.17983,0.04475,-0.22276999999999997,6.173019999999999,0.1615
10.20758,-0.25438,1.3764,1.1366399999999999,4.61575,1.4402700000000002,0.0258,0.23068000000000002,-1.70143,0.24534,0.06636,0.04856,0.27937,0.02967,-0.74739,7.817019999999999,0.16265
19.26306,0.58627,1.03627,0.71954,4.69888,1.09293,-0.23251999999999998,0.22573000000000001,-1.09909,-0.67948,0.17474,0.17928,0.13944,0.09464,-0.04863,4.89901,0.14878
10.88188,0.36261,0.8796299999999999,0.51357,3.7864,1.9904700000000002,0.056060000000000006,0.222,0.09115,1.5261200000000001,0.17519,0.15648,0.26203000000000004,0.0469,0.27332,6.47415,0.15429
11.64746,-0.69916,1.75827,0.53671,3.9538699999999998,1.05739,-0.14175,0.16816,0.8888799999999999,-0.79467,0.01734,0.14534,0.17209000000000002,0.02748,-0.33023,2.99116,0.15095
17.05528,0.59583,0.51374,1.36384,2.88118,0.61493,-0.13232,0.21818,0.99998,1.46959,0.027239999999999997,0.059879999999999996,0.29386,0.14653,0.5644600000000001,2.1653,0.15953
19.28424,0.3058,0.36196,1.28049,1.5732,1.25674,-0.18299,0.2876,0.8477299999999999,1.06112,0.13480999999999999,0.1638,0.28844000000000003,0.08158,-0.12178,7.467789999999999,0.15208
11.78096,0.09109,1.55016,0.9772299999999999,3.42962,0.49263999999999997,-0.02089,0.13244,0.95362,0.61178,0.15132,0.0545,0.12329000000000001,0.04409,0.22788000000000003,6.603330000000001,0.16230999999999998
12.528210000000001,-0.5140100000000001,0.6953,1.12129,0.31319,1.69015,0.00822,0.27324,0.15800999999999998,1.29044,0.18352000000000002,0.12721,0.22676,0.136,-0.4137,5.34638,0.13559000000000002
11.69556,-0.4837,1.81435,0.8595700000000001,3.37235,0.31505,0.25238,0.15341,-0.36269,0.92737,0.07681,0.13227,0.12253,0.08205,-0.6054,6.0037400000000005,0.13732
10.65294,-0.01658,1.93325,0.8124100000000001,3.2384,1.9352599999999998,-0.16271,0.173,-1.6426599999999998,-0.5101899999999999,0.03367,0.14124,0.23096999999999998,0.13754,0.0793,3.6518900000000003,0.14714000000000002
17.08201,0.69692,0.42646999999999996,1.17834,1.66825,1.7521799999999998,0.03425,0.1665,0.79282,1.13848,0.04697,0.19155999999999998,0.22649,0.039080000000000004,0.4829,7.80065,0.13748
12.090019999999999,0.59914,0.74403,0.78398,0.47513999999999995,1.20833,-0.28409,0.17207999999999998,0.69497,1.07427,0.156,0.16497,0.16376,0.03742,-0.6624800000000001,7.4458,0.14914000000000002
13.539829999999998,0.548,1.1126,0.8938299999999999,4.3520199999999996,1.62881,-0.26055,0.29246,0.35444000000000003,1.6815200000000001,0.04142,0.10440999999999999,0.25145,0.06252,-0.6310600000000001,3.45716,0.16253
14.778310000000001,-0.3445,0.33579000000000003,1.06599,3.06529,1.6324,-0.14809,0.13285999999999998,0.22155999999999998,0.13296,0.01852,0.01948,0.23209000000000002,0.03664,-0.43256000000000006,4.94824,0.14127
16.49367,0.60743,0.60325,0.9176,4.47647,0.34439000000000003,-0.23145,0.28125,-1.6312799999999998,0.45258999999999994,0.03644,0.1072,0.29816,0.14035999999999998,-0.72065,4.78282,0.15335
19.37695,-0.36505,0.65007,1.39537,2.38307,0.6984899999999999,-0.02332,0.28789000000000003,-1.9958599999999997,1.9657799999999999,0.05017,0.12845,0.14804,0.09523999999999999,0.15486,2.79603,0.15164
16.004720000000002,0.19810999999999998,1.9639799999999998,0.9414299999999999,3.16462,0.43428,0.29085,0.18974000000000002,-0.00896,0.7542399999999999,0.10782,0.041569999999999996,0.26222,0.14792,-0.19679000000000002,2.8932,0.13764
17.95721,-0.38771,0.40791,0.74836,2.7528799999999998,1.90403,-0.12303,0.18247,-0.83541,1.7283400000000002,0.03551,0.15672,0.27383,0.11572,0.1658,5.172680000000001,0.16119
18.1842,-0.61183,1.70901,0.94935,2.48683,0.4226,-0.17484,0.18217,-0.59148,1.8409799999999998,0.0605,0.14920999999999998,0.12055,0.03171,-0.45724,2.39997,0.13388
11.50527,0.308,1.89084,1.41506,0.1605,0.33576999999999996,-0.04849,0.18878,-1.72573,1.90808,0.04465,0.053570000000000007,0.25938,0.04822,0.2658,5.57721,0.13609000000000002
15.29096,-0.39626999999999996,1.22971,1.47338,4.5816300000000005,1.7619,0.27394,0.17162,-1.34333,1.1489200000000002,0.17645999999999998,0.03942,0.2404,0.061,0.51522,2.78051,0.14285
19.90535,-0.43077,0.8924,1.34033,1.87139,1.63667,0.12650999999999998,0.1405,0.98436,1.8662599999999998,0.11309000000000001,0.052820000000000006,0.22061,0.09087,0.71849,7.5937,0.14159000000000002
19.56685,0.31618,0.8659399999999999,0.55053,0.91445,0.83931,0.08342000000000001,0.17222,0.93165,1.8320599999999998,0.04881,0.07202,0.29545,0.08521000000000001,-0.14115,6.40876,0.16389
19.40419,-0.12452,0.9934799999999999,1.38506,4.56493,1.8346200000000001,0.03999,0.25739,-1.78939,-0.48878999999999995,0.08284,0.09385,0.25915,0.12095999999999998,-0.70915,2.0855799999999998,0.13998
16.29364,-0.6160800000000001,0.39909,0.83044,0.15517,1.66924,0.22816999999999998,0.24391,-0.43738999999999995,-0.22098,0.11259000000000001,0.1777,0.24183000000000002,0.038489999999999996,-0.04369,7.85911,0.16447
14.4228,-0.22396,1.12421,1.1455899999999999,3.78104,1.60772,0.2465,0.29807,0.671,1.38388,0.09305,0.10545999999999998,0.22724,0.14739000000000002,0.7517199999999999,6.57834,0.15039
12.18774,0.6744100000000001,1.7660200000000001,0.59091,1.19751,1.5142200000000001,0.10580999999999999,0.1397,0.9727899999999999,0.07092999999999999,0.16117,0.09913999999999999,0.27423000000000003,0.13910999999999998,-0.42413999999999996,7.72818,0.14321
17.68003,0.35326,0.5841,1.03251,4.9121,1.33125,0.18936,0.29002,-1.89684,0.08795,0.09867999999999999,0.02808,0.1341,0.039330000000000004,-0.12500999999999998,2.60837,0.13773
18.979329999999997,-0.6096199999999999,1.2796299999999998,1.3000399999999999,4.71751,0.69481,0.13398,0.29752,-1.1616,0.56086,0.15316,0.04616,0.17839000000000002,0.06808,0.54888,6.802060000000001,0.15264
16.08006,0.6372800000000001,1.4088,0.7921100000000001,4.76614,0.47416,0.10327,0.13057,-1.9317400000000002,1.50675,0.14932,0.14162,0.15488,0.07017999999999999,0.51268,7.227060000000001,0.15302000000000002
10.96358,0.51685,1.90098,1.3104799999999999,2.8898,1.40629,-0.056979999999999996,0.23563,-1.43335,-0.19378,0.06117,0.16275,0.14626,0.04766,-0.49106000000000005,3.01445,0.14075
15.57169,-0.05,0.62408,1.11602,3.2786199999999996,1.9982,0.16295,0.14701,0.86001,0.21781999999999999,0.16797,0.15383,0.24067,0.13643,-0.3491,2.85047,0.13952
15.04096,0.02913,1.45659,1.47041,2.07618,1.15838,-0.21483000000000002,0.24748,-0.30414,-0.8476899999999999,0.1413,0.056260000000000004,0.12220999999999999,0.14317,-0.05968,3.94499,0.13085
11.25855,-0.10032,0.56335,0.7307600000000001,2.66344,1.37719,0.025,0.24297,-1.8082,-0.80666,0.17361,0.01793,0.20404,0.12218,0.7928,2.4180900000000003,0.13696
18.78664,-0.50384,1.7417099999999999,1.16507,1.2346700000000002,1.81887,-0.08757000000000001,0.19422,0.87726,0.95494,0.03413,0.03096,0.23814000000000002,0.11398,-0.77579,3.5280199999999997,0.14540999999999998
19.051460000000002,0.00043,0.30018,1.35246,4.09769,0.51769,0.028419999999999997,0.26876,0.49373,1.58023,0.06577000000000001,0.01994,0.21333000000000002,0.03331,-0.76695,6.03465,0.13163
13.70619,-0.48723,0.95793,1.02166,0.26557,0.44488,-0.25376,0.16424,-0.75634,0.17393,0.01768,0.19097,0.24388,0.08287,0.78822,7.88425,0.163
16.5018,0.36991,0.50092,0.65569,2.80863,0.3603,-0.07172,0.15174,0.11994,0.24065999999999999,0.06846000000000001,0.18408,0.23156999999999997,0.13279000000000002,-0.6402100000000001,3.88685,0.13919
19.48328,-0.59112,0.81929,0.76176,4.48254,1.69513,-0.12493,0.13594,-0.06625,0.8819799999999999,0.06875,0.09819,0.12479000000000001,0.032889999999999996,-0.5341899999999999,3.4684800000000005,0.16399
10.2337,-0.49327,0.7349600000000001,0.97201,2.30497,0.66208,-0.05624,0.18087999999999999,-0.5110899999999999,1.91114,0.14776,0.04525,0.17246,0.08052999999999999,0.35339,4.56966,0.14337
10.34026,0.41965,1.40675,0.80214,0.56908,0.57204,-0.05089,0.23715999999999998,-1.77445,0.11445,0.09091,0.19985999999999998,0.21964,0.12655,-0.58114,7.5850800000000005,0.13205999999999998
11.481869999999999,0.44753000000000004,1.54691,0.73887,2.56379,1.46347,-0.26645,0.14114000000000002,0.19491,1.82056,0.02888,0.02975,0.13851,0.027110000000000002,0.39226,4.67733,0.13325
18.25938,0.57035,0.57962,0.9359,0.29956,1.48337,0.15098,0.25842,-0.2732,-0.63741,0.16525,0.050289999999999994,0.23948000000000003,0.14060999999999998,-0.66073,6.10315,0.15742
16.85742,-0.27418000000000003,0.83672,0.77937,4.53956,0.88508,-0.07449,0.25919000000000003,0.1961,-0.27369,0.02188,0.19572,0.12638,0.056470000000000006,0.71291,3.06414,0.13835999999999998
14.5223,0.54982,1.1862,1.2029,4.32488,0.54032,-0.01885,0.24065,-1.44895,-0.9443299999999999,0.05117,0.05092,0.29515,0.1345,0.50169,7.55307,0.1325
12.006680000000001,-0.57088,1.7857900000000002,1.4659,4.2788,1.7336900000000002,-0.09125,0.29707,0.006659999999999999,0.81965,0.1106,0.02603,0.24636999999999998,0.12866,-0.50951,4.74503,0.15394000000000002
14.56538,0.4788,1.6528900000000002,0.68377,3.55142,1.52759,-0.29956,0.22077,0.90776,-0.2835,0.19862,0.0352,0.14252,0.034210000000000004,-0.73827,4.83948,0.15621
12.72375,0.2152,1.44706,0.69235,1.60422,1.19246,-0.10492,0.15853,-1.9521400000000002,-0.72616,0.17862,0.038130000000000004,0.25649,0.13623,0.24276999999999999,5.85386,0.1631
19.74713,0.43388999999999994,1.54408,1.4585,4.75972,0.38197,0.19012,0.14247,-1.19131,-0.024980000000000002,0.09635,0.01616,0.12991,0.10705,-0.74245,7.90762,0.14436
19.2352,0.62867,1.6412,1.45444,2.02334,1.6715099999999998,0.25423,0.27274,0.05295,0.57229,0.04255,0.15839,0.18821,0.11115,0.53546,2.01887,0.13610999999999998
17.53204,-0.5433,0.69794,1.18065,4.320880000000001,0.61164,-0.10327,0.1374,0.7259399999999999,-0.29441,0.12648,0.08517000000000001,0.27001,0.10557000000000001,-0.65895,5.03995,0.16236
17.18704,0.6535,1.86917,1.13929,1.58596,0.9394399999999999,0.23598000000000002,0.26836,-0.54948,1.99938,0.047939999999999997,0.02536,0.20778000000000002,0.06645,-0.69423,3.18843,0.1524
19.71017,-0.26832,0.79228,0.55518,2.20978,1.6594,0.13716,0.26323,0.45943,-0.73723,0.12936,0.08382,0.17684,0.12267,0.74552,3.71506,0.14456
17.39346,-0.58309,0.85814,1.44439,2.69143,1.88558,-0.1952,0.15217,-1.4894399999999999,0.55262,0.02522,0.15872,0.16517,0.12435999999999998,-0.56285,5.63722,0.1322
16.40709,-0.219,0.90099,1.3486,3.14564,1.68343,-0.22871,0.29305,0.6523399999999999,-0.85556,0.01924,0.14805,0.24815,0.0579,0.53401,3.6024,0.16021
17.06164,-0.42708,1.93638,1.36447,2.76736,1.61398,-0.27412,0.1352,-0.92191,1.35132,0.10877,0.18385,0.26137,0.04652,0.69395,3.0318400000000003,0.16191
11.2778,-0.63674,1.9118400000000002,1.37963,0.20601999999999998,0.62084,0.18683,0.1332,0.81739,0.28647,0.16424,0.03684,0.17428,0.10063,-0.5949300000000001,7.924919999999999,0.14422000000000001
15.866489999999999,0.15041,0.5907600000000001,1.08292,2.68107,0.83285,-0.16104000000000002,0.29381,-0.06135,0.47718,0.14313,0.17465999999999998,0.12214000000000001,0.11692999999999999,0.78199,2.51543,0.16469
12.88148,0.01069,0.93248,1.4745700000000002,4.4358,1.7128,-0.19892,0.26261999999999996,-1.82834,0.35706,0.054,0.1878,0.13807,0.11947,0.17189000000000002,7.949269999999999,0.15880999999999998
13.923420000000002,-0.47878000000000004,1.25329,0.95452,1.38783,0.4086,0.12541,0.21016999999999997,-0.66867,-0.8884799999999999,0.19907,0.01403,0.16088,0.05011,-0.20134000000000002,3.8293699999999995,0.15725
17.36009,-0.59733,0.55496,0.60138,0.5522199999999999,1.04007,0.25532,0.15204,-0.96162,1.34415,0.16124000000000002,0.01034,0.28185,0.029289999999999997,-0.73124,5.0662400000000005,0.15353
18.67145,-0.52385,0.63263,1.28541,1.77395,1.6561099999999997,0.20851,0.22741999999999998,0.74037,1.79008,0.07812999999999999,0.0946,0.1612,0.13092,-0.23198000000000002,3.33972,0.16492
12.652330000000001,-0.21525,0.9304600000000001,1.22141,4.30046,1.9364400000000002,0.14125,0.13015,-0.69684,1.05694,0.0134,0.05004,0.12764,0.02878,0.65408,2.5033,0.15805
19.61489,0.40292,1.8976400000000002,0.58549,3.26365,0.86605,0.22495,0.23694,-0.44091,0.02593,0.0545,0.17527,0.19717,0.051989999999999995,-0.62349,5.7035599999999995,0.15772
18.6147,-0.67579,1.43012,1.0690899999999999,0.7269,0.48615,0.28,0.27410999999999996,0.37192,0.94626,0.05824,0.19080999999999998,0.28857,0.11896,0.61925,3.60905,0.13034
10.77459,0.06825,1.7711,1.22259,0.87169,1.9635599999999998,0.25144,0.2857,0.78623,0.03017,0.06785,0.05923,0.1898,0.03887,-0.57498,7.354480000000001,0.13415
10.24409,-0.45442,1.21417,0.7762100000000001,4.13628,1.54403,-0.029639999999999996,0.28229,-1.37124,1.91812,0.09395,0.06592,0.12653,0.02765,0.01961,7.83108,0.14972
14.92705,0.1699,0.6020800000000001,0.6474,2.70261,0.30213,0.27482,0.18281,-0.81809,-0.09312999999999999,0.16972,0.13908,0.2254,0.02515,0.41926,2.54482,0.13042
16.45083,0.06362999999999999,1.0395299999999998,0.89923,1.4192,0.32144,-0.22130999999999998,0.19268,0.03216,1.8723400000000001,0.06931,0.04317,0.29462,0.02682,0.54362,2.26858,0.15446
17.44397,0.5845899999999999,0.96196,0.6731699999999999,1.9889400000000002,0.6342300000000001,-0.17693,0.24606999999999998,-1.5455,1.22278,0.19330999999999998,0.02369,0.19355,0.06427999999999999,-0.71438,3.08908,0.15679
18.57969,-0.43706999999999996,1.94678,1.21586,1.41175,1.7145,-0.19665,0.21234,0.97939,0.77365,0.18825999999999998,0.15473,0.18986,0.1371,-0.77277,7.201639999999999,0.1509
19.6424,0.64889,0.5159100000000001,1.0254,3.01748,1.31315,0.25772,0.24435,-0.15437,1.63804,0.04559,0.1175,0.13656,0.05995,0.49603,7.68318,0.16324
11.09884,-0.11445,0.33291,1.4696,1.52557,1.66483,-0.1726,0.2685,0.27226,-0.82939,0.03898,0.17904,0.29701,0.09228,-0.68306,3.3202300000000005,0.13485
17.9644,0.5644100000000001,1.13086,1.19585,4.04598,0.5294800000000001,-0.29736,0.2178,0.9346,-0.16621,0.01654,0.04573,0.14955,0.06573999999999999,0.2338,6.6816,0.15987
14.79858,-0.5633600000000001,1.14875,0.62002,1.31067,0.46266999999999997,0.2296,0.18937,-1.9767099999999997,0.006959999999999999,0.056220000000000006,0.06867000000000001,0.24541999999999997,0.02539,0.75976,6.663130000000001,0.14689000000000002
11.4133,0.05669,1.7321799999999998,1.34608,1.62694,1.6403599999999998,0.29414,0.20583,-1.47606,-0.5555100000000001,0.10225,0.16417,0.25747,0.0827,0.37937,3.20002,0.1627
17.71666,-0.32481,1.94163,1.31399,2.35462,0.36843000000000004,-0.19342,0.28943,-0.39426,1.98836,0.11895,0.06184,0.19197999999999998,0.11413,-0.16027,5.60538,0.13622
10.70378,0.64247,0.6581600000000001,0.79842,2.72017,1.05952,0.17373,0.14552,-1.93565,1.9816900000000002,0.07712999999999999,0.04539,0.15787,0.11790999999999999,-0.15220999999999998,7.644539999999999,0.13505999999999999
10.29844,0.62588,1.24328,1.04145,4.172540000000001,1.2322,-0.2188,0.2978,0.74995,-0.91815,0.05176,0.17328,0.23861999999999997,0.14677,0.65623,7.4980899999999995,0.16380999999999998
10.5676,0.55705,0.5965,1.20698,0.60302,0.57725,-0.15965,0.14387,-1.9730400000000001,0.07868,0.08922000000000001,0.0361,0.26918000000000003,0.1215,0.34183,2.25132,0.13375
10.032760000000001,0.20575,0.7608600000000001,1.49904,2.45692,0.37356999999999996,-0.15591,0.28654,0.94731,0.58616,0.01566,0.08244,0.14135999999999999,0.08489,-0.79919,3.4465,0.1417
10.697980000000001,0.46585,0.67802,1.10364,2.33806,1.1772200000000002,0.2596,0.21356,0.60645,1.50171,0.02122,0.11345,0.25,0.027860000000000003,-0.39595,3.25752,0.13143
10.30357,-0.40931,1.5639399999999999,0.51036,0.22184,1.32923,0.18767999999999999,0.20004,-1.8480400000000001,-0.77075,0.17802,0.10852,0.12165999999999999,0.0509,-0.58982,4.95747,0.13069
10.98129,-0.05362000000000001,0.88331,0.56848,0.75739,1.8785599999999998,0.27066999999999997,0.19347,0.33984000000000003,-0.18615,0.01491,0.17373,0.29856,0.14477,0.15725,5.86827,0.15517999999999998
17.480420000000002,0.10675,1.83559,0.84149,4.1386,1.60154,-0.18235,0.13687,-1.16632,1.6464900000000002,0.12983,0.02172,0.17929,0.14223,-0.03957,2.31929,0.16439
16.92341,-0.57862,1.9786099999999998,0.8454799999999999,4.6449,1.95215,0.08119,0.16873,-1.58841,0.52922,0.12614,0.18450999999999998,0.14382,0.05586,0.14349,5.7964,0.13725
16.16333,-0.17446,0.50773,1.44721,4.74383,0.5262,0.2636,0.13807,-1.7533,1.7728700000000002,0.01496,0.17414000000000002,0.26438,0.10468,-0.47531999999999996,5.27454,0.13435999999999998
16.72484,-0.64928,0.54302,1.48831,0.0674,0.81371,-0.25751999999999997,0.1479,0.44538999999999995,1.37693,0.17548,0.13702,0.19612000000000002,0.11807000000000001,-0.65377,2.36145,0.14044
12.45125,-0.67238,0.42036,0.58811,4.78809,1.26834,0.23328000000000002,0.17131,0.16229000000000002,1.8948200000000002,0.05337000000000001,0.04015,0.29338000000000003,0.1331,0.6481399999999999,6.5643,0.15123
17.8748,-0.66413,1.02411,0.74588,2.16908,1.01245,-0.15324000000000002,0.24631,-1.5117,-0.59767,0.012819999999999998,0.18741,0.27163000000000004,0.03489,-0.31159000000000003,2.55809,0.14735
10.49944,-0.5274399999999999,1.43941,0.9664,4.59162,1.11417,-0.07287,0.18538,0.21932,-0.10899,0.042210000000000004,0.07902999999999999,0.13957999999999998,0.14534,0.04979,6.729410000000001,0.15928
10.085139999999999,-0.20274,1.83906,0.6158100000000001,3.9883599999999997,0.5128199999999999,-0.20049,0.15798,-0.8663799999999999,-0.8821200000000001,0.18753,0.03338,0.29958,0.07936,0.09136,7.00323,0.13449
15.63003,-0.42483999999999994,1.52712,0.7843600000000001,3.9057800000000005,1.70724,0.13079000000000002,0.28846,0.96626,-0.09953,0.18093,0.06542,0.29999000000000003,0.026160000000000003,-0.60143,2.29862,0.16215
18.682760000000002,0.40615999999999997,1.02995,1.35561,0.24827,0.91665,-0.039060000000000004,0.14001,-0.09834,-0.44447,0.11214,0.19589,0.17620999999999998,0.12914,-0.0277,7.117889999999999,0.15220999999999998
15.99,-0.32169000000000003,0.43925,0.53317,1.40298,1.9746400000000002,-0.15078,0.15980999999999998,0.75661,-0.76245,0.12283,0.07282000000000001,0.26833,0.13568,-0.22658000000000003,7.8414,0.13099
10.45455,-0.36758,1.80988,0.77512,0.12717,0.8835,0.269,0.27352,0.33066999999999996,1.6711900000000002,0.16430999999999998,0.19794,0.25626,0.0547,-0.24625,4.66793,0.16247
19.39961,0.61819,1.71829,0.70077,1.16575,1.77263,-0.27851,0.16976,0.32538,1.7985900000000001,0.14107999999999998,0.18571,0.14029,0.0809,0.63923,6.32744,0.13497
10.32203,0.59239,1.9183,0.67915,4.39665,0.47863,0.13869,0.28479,-0.01549,-0.97772,0.14453,0.07577,0.12835,0.07313,0.29809,3.5660300000000005,0.13305999999999998
11.22654,-0.43577,1.72675,1.11245,0.09252,1.16349,-0.28575,0.15374000000000002,0.27605,1.12537,0.0252,0.19751,0.2638,0.043460000000000006,-0.5059899999999999,4.55389,0.15764
19.53446,0.69393,1.9727400000000002,0.95605,3.5192,1.58053,0.057479999999999996,0.21074,-1.98255,0.36228,0.04735,0.03549,0.27843,0.08619,-0.75244,6.91863,0.13298
19.34368,0.27925,0.35896999999999996,0.65658,0.28738,1.9789599999999998,-0.2932,0.25651,-1.9616799999999999,-0.47605,0.06995,0.09117,0.14115999999999998,0.09976,-0.45433,2.679,0.1407
14.82676,-0.0745,0.58848,0.5356,0.39508000000000004,0.93625,0.15282,0.13906,-0.9869899999999999,1.01742,0.15232,0.09555,0.13093,0.14945,0.75498,4.21305,0.16135
15.341070000000002,0.32023,0.70696,1.3815600000000001,0.24274,0.36791,-0.005370000000000001,0.20199,-0.38081,0.6753899999999999,0.1812,0.03358,0.28129,0.08775,0.47008999999999995,7.25714,0.14276
11.132819999999999,-0.41486999999999996,1.73823,1.4857799999999999,3.07667,0.5917600000000001,0.2781,0.2678,0.20369,0.98359,0.03965,0.18362,0.14332999999999999,0.05391,0.68186,5.32413,0.14665
13.6777,0.1993,0.34762,1.48107,1.5956700000000001,1.37035,-0.26489,0.25642,0.07869,-0.70477,0.15450999999999998,0.08929,0.12811,0.08872000000000001,-0.7854800000000001,6.066669999999999,0.16082
14.759139999999999,0.62275,1.3971,1.3172,3.48688,1.12428,-0.29449000000000003,0.13097999999999999,0.76871,0.44793999999999995,0.15891,0.16152,0.24334,0.03815,-0.4121,3.9047699999999996,0.13751
19.92817,-0.26311,1.9214900000000001,0.5313899999999999,3.66537,0.32903000000000004,0.01125,0.15752,0.59404,0.20014,0.19657,0.08261,0.22441999999999998,0.07431,0.59439,5.92396,0.15213
10.59609,-0.10676,1.7485400000000002,0.76535,3.77061,0.41967,0.25005,0.28538,0.44809,-0.7096899999999999,0.07256,0.14787,0.29256,0.10769000000000001,-0.17281,2.92098,0.15662
11.863660000000001,-0.27965,0.5270600000000001,0.5647399999999999,0.31809,1.38216,-0.1133,0.29531,-0.62543,-0.42706000000000005,0.12153,0.0212,0.17322,0.07229,0.48872,6.53964,0.16360999999999998
11.1844,0.61142,1.84753,1.07063,0.11782000000000001,1.19716,-0.28784,0.21924000000000002,-1.40343,-0.9077799999999999,0.13086,0.14967,0.2436,0.03132,0.57944,7.748360000000001,0.13601
13.288379999999998,0.23888,1.8024,0.5088699999999999,1.72602,1.35113,-0.06564,0.29859,-1.86181,1.98783,0.1383,0.13337000000000002,0.12533,0.13124,0.4936,5.50415,0.148
10.553460000000001,-0.17749,0.51776,0.5055,4.11112,0.6582,-0.01519,0.2318,-0.33831,1.21906,0.016890000000000002,0.01846,0.25234,0.12485999999999998,-0.70518,3.5435,0.1364
12.246210000000001,0.13102,1.9900900000000001,1.3983,3.4500300000000004,0.5829300000000001,0.08675,0.14942,-1.2813700000000001,1.73593,0.19591,0.144,0.16945,0.14405,-0.57172,2.5956799999999998,0.13398
13.72165,0.66097,0.50632,1.24576,4.26253,1.07714,0.19533,0.28676,-0.14762,-0.95086,0.08812,0.19665,0.15937,0.09796,0.062110000000000005,5.94078,0.13127
19.32047,0.34051,0.66317,0.7047,0.42465,1.10331,-0.29175,0.13409000000000001,0.20875,-0.75447,0.02226,0.027630000000000002,0.26027,0.09689,0.5604899999999999,3.96579,0.15855
12.10505,0.21209,1.83033,0.53923,2.0468900000000003,0.33813000000000004,0.15381,0.28361,0.46515,1.5158200000000002,0.18534,0.014830000000000001,0.1453,0.14845,-0.63737,4.85734,0.15842
19.308220000000002,0.60041,1.41929,1.15525,0.05731,1.77807,0.2564,0.25765,-1.32685,1.6305100000000001,0.06492,0.12652,0.12113,0.14443,-0.6722199999999999,6.93156,0.14958
12.39433,-0.64446,1.27145,0.78779,4.73436,1.30134,0.26428,0.13668,-0.031010000000000003,-0.8926200000000001,0.036969999999999996,0.10115,0.2789,0.032510000000000004,-0.11622,6.14208,0.13018
19.029020000000003,0.25859,1.9856099999999999,0.60744,3.22713,0.5978,-0.22643000000000002,0.18054,0.60107,0.42486999999999997,0.01122,0.15145,0.29089,0.08372,0.50259,2.7720700000000003,0.13195
14.2558,-0.47968999999999995,0.8870399999999999,1.1326200000000002,1.1844299999999999,1.9452099999999999,0.08782999999999999,0.25327,-1.7686099999999998,0.512,0.057879999999999994,0.02494,0.18492999999999998,0.05504,-0.76393,2.8566700000000003,0.16142
18.93422,0.67803,0.62045,1.22766,0.6239600000000001,1.28111,0.204,0.1974,-0.57972,0.13480999999999999,0.19677,0.0875,0.21766999999999997,0.028669999999999998,0.73595,2.13175,0.15894
12.97538,0.15467,1.8241599999999998,1.4615799999999999,4.75511,0.78158,0.24543,0.25695999999999997,-1.12806,1.57864,0.1939,0.19476,0.25125,0.14958,0.42931,7.319089999999999,0.15963
10.117180000000001,-0.11165,0.36678,1.26754,4.46199,0.5568,0.18406,0.15563,-0.25084,0.84972,0.08772,0.19255,0.27492,0.10207999999999999,0.40645,4.820069999999999,0.16472
18.28421,0.664,1.7049599999999998,0.69723,2.45214,1.8758700000000001,-0.21691,0.15423,-1.7966799999999998,-0.9668100000000001,0.18237,0.05434,0.12872999999999998,0.14357,0.6299600000000001,5.39316,0.13810999999999998
13.378879999999999,-0.30951999999999996,1.58911,0.9027299999999999,0.19621,0.41353999999999996,0.01426,0.28284000000000004,-1.6943400000000002,-0.64168,0.10107999999999999,0.03701,0.16889,0.14005,0.61305,7.87132,0.13712
17.40929,-0.1895,0.78865,1.30641,4.50162,0.9660200000000001,0.2372,0.14146,-1.30644,-0.45332,0.16211,0.053079999999999995,0.13185999999999998,0.14242,-0.61768,2.19933,0.1603
14.07085,-0.44559,1.5929,0.87672,0.20661,0.33342,-0.11639000000000001,0.19389,-0.07998,-0.9281299999999999,0.029460000000000004,0.03082,0.29294000000000003,0.14275,-0.28215,2.95744,0.13781
18.82992,-0.6018600000000001,0.34276999999999996,1.03808,4.0742,0.35244000000000003,0.07188,0.2555,-1.27375,1.62469,0.01811,0.06982999999999999,0.22834000000000002,0.043769999999999996,-0.41605,7.7181,0.16313
13.07503,-0.5897899999999999,1.3846,0.85136,0.81021,0.4677,0.14182999999999998,0.24946999999999997,-1.5711600000000001,1.5905200000000002,0.13448,0.05535,0.28786999999999996,0.14093,-0.49877,7.6726600000000005,0.16425
13.62411,0.051460000000000006,1.00855,0.98619,4.09121,1.5631899999999999,-0.0141,0.2621,-1.8625900000000002,1.6976900000000001,0.01589,0.032060000000000005,0.28772,0.09,0.59705,2.5848,0.14983
15.2715,0.48743000000000003,1.4549299999999998,1.42381,3.19142,1.37161,0.24049,0.16384,0.68329,-0.68952,0.06009,0.01892,0.17345,0.07541,0.35815,7.19347,0.13939000000000001
13.01197,0.060529999999999994,0.71058,0.8274,0.92925,1.9119700000000002,0.14015,0.17585,0.95835,1.88726,0.1763,0.02285,0.21698,0.10321,-0.78808,6.818980000000001,0.16111
18.36852,0.01936,1.9590599999999998,1.16777,4.88436,0.34976,-0.26579,0.14514000000000002,-1.9184900000000003,-0.00747,0.01454,0.18697,0.16925,0.03472,-0.00735,7.18266,0.14939000000000002
17.9342,0.69725,0.31006,0.57621,0.52567,0.35725,-0.16933,0.28974,-1.24086,0.74316,0.014180000000000002,0.1093,0.14908,0.10977,-0.56389,7.09864,0.13538
10.05782,-0.68299,1.26194,0.90804,0.08388,1.90085,0.12872,0.2642,-0.13044,0.33732,0.15509,0.07318,0.23189,0.05417,0.55983,2.07499,0.13685
18.94707,0.59038,0.8003899999999999,1.33285,4.42274,0.5868899999999999,0.037,0.22854000000000002,0.50157,1.51015,0.16369,0.17069,0.15012999999999999,0.08831,-0.6896899999999999,5.22991,0.1606
12.03832,-0.12903,1.36175,1.2113,0.01385,1.29196,-0.27251,0.25878,0.61617,-0.40686,0.19395,0.18056,0.29896999999999996,0.14164000000000002,0.60836,4.58266,0.16403
13.64944,-0.1918,1.7118900000000001,0.73736,4.40686,1.84238,-0.29123000000000004,0.24506,-1.60555,-0.39249,0.19137,0.11832999999999999,0.2495,0.06166,-0.6704,2.28715,0.13105999999999998
17.02851,-0.55019,1.9253200000000001,0.52662,4.22839,1.52121,-0.09788,0.14845,-1.81702,0.31905,0.07902999999999999,0.19881,0.26294,0.13022,-0.71287,7.741280000000001,0.1642
10.0714,-0.59597,0.47379,0.6710699999999999,1.7518200000000002,1.4769,0.07985,0.23373000000000002,-0.56042,1.68923,0.029060000000000002,0.1972,0.14288,0.03184,0.79682,2.65148,0.16452
16.64415,-0.66975,0.7268600000000001,1.05673,2.58753,1.5074100000000001,-0.25935,0.23895,0.37682,0.19441,0.17214000000000002,0.11299000000000001,0.16345,0.045219999999999996,0.44664,6.70661,0.13963
12.34737,0.5668300000000001,1.99643,0.79561,4.57137,1.7686,-0.007359999999999999,0.15003,0.56452,0.8979,0.08694,0.17958,0.18772,0.08646000000000001,0.5733199999999999,4.41324,0.16294
14.129229999999998,0.5751,1.8566799999999999,0.68683,0.04663,0.5425,0.05945,0.15027000000000001,0.7459,1.8292599999999999,0.01248,0.14894000000000002,0.14489000000000002,0.14474,0.48558,3.47705,0.14248
19.20939,-0.15646,1.9669900000000002,1.45189,2.81395,0.78833,-0.1014,0.21389,-1.0575700000000001,-0.63097,0.11938,0.024730000000000002,0.24841,0.02563,0.63264,3.21267,0.14456
10.41876,-0.14325,1.7859,1.32386,2.1261099999999997,0.57891,0.29529,0.28176999999999996,-1.6609200000000002,-0.41641999999999996,0.02708,0.05177999999999999,0.1336,0.04551,-0.64741,6.96168,0.15625999999999998
18.80136,-0.62926,0.8542,1.4571399999999999,0.57633,1.0283,-0.19743,0.28155,-1.10266,-0.9755799999999999,0.05948,0.12589,0.28307,0.14385,-0.40384000000000003,5.46773,0.15829000000000001
19.79056,-0.23488,0.95455,1.46394,4.51475,0.88005,-0.01675,0.15949000000000002,-1.95006,1.23315,0.18183,0.17081,0.24311,0.09767,0.77071,6.90562,0.13522
13.616589999999999,-0.60478,1.1925700000000001,0.58707,0.37749,0.64974,-0.09539,0.14297,-1.57584,1.65842,0.17877,0.1721,0.16054000000000002,0.04793,-0.5959,5.5196,0.16091
16.592579999999998,0.68917,0.9463299999999999,0.6673399999999999,1.7371,0.3036,0.20649,0.22013000000000002,-0.62833,1.8795,0.06421,0.02203,0.12103,0.03022,0.63378,3.79852,0.14063
14.18305,0.67023,0.72214,0.87303,1.0644200000000001,1.72803,-0.23669,0.27668000000000004,0.69344,0.18975,0.01951,0.04236,0.14225,0.10419,0.70002,4.75073,0.13655
10.525730000000001,0.6754600000000001,1.33033,0.52346,4.8445599999999995,0.87669,0.17276,0.29029,-1.8884299999999998,-0.80942,0.16896,0.015580000000000002,0.22166999999999998,0.09193,-0.49991,7.998189999999999,0.15473
11.14326,0.48278999999999994,1.6733900000000002,1.3743,1.49797,1.80749,-0.24528000000000003,0.15585,-1.09192,0.5120399999999999,0.14673,0.01114,0.23651,0.13158,-0.5294800000000001,6.42876,0.13801
19.07473,0.50981,1.81972,0.7114699999999999,0.10347999999999999,1.41693,0.020309999999999998,0.16111,0.63161,-0.98316,0.19063,0.1121,0.12911,0.0336,-0.12971,3.36919,0.13946
11.33297,0.66771,1.6630099999999999,0.52466,4.85679,0.51493,-0.25315,0.22245,-1.15618,1.8187799999999998,0.07985,0.1367,0.21670999999999999,0.02597,-0.62593,5.95429,0.14190999999999998
19.08989,-0.00316,1.02674,0.62611,3.8856300000000004,0.30959000000000003,0.29886999999999997,0.27065,-0.80479,1.2684,0.14731,0.12167,0.24139000000000002,0.13871,0.5529,3.0998900000000003,0.16344
10.63908,-0.2409,0.55606,1.40697,0.00561,1.67498,0.29322,0.20488,-1.9645400000000002,1.71783,0.09799,0.18154,0.28546,0.09827000000000001,0.52144,6.37481,0.13260999999999998
15.48235,-0.626,0.40326999999999996,1.19287,3.5086699999999995,0.9682,0.19296,0.16025,-0.024069999999999998,-0.65044,0.058870000000000006,0.01235,0.20843000000000003,0.14102,0.7315,2.09833,0.13474
19.88859,-0.41752,1.09437,1.04495,0.6452100000000001,1.5200799999999999,0.23928000000000002,0.29163,-0.73953,-0.9563200000000001,0.19834000000000002,0.19948,0.12000999999999999,0.13259,-0.45081000000000004,4.08173,0.14268
19.59759,0.60951,0.30609000000000003,0.70327,2.9332,1.57466,0.26786,0.20227,-1.8516099999999998,-0.373,0.04509,0.11141,0.27612,0.10397,0.67472,6.30285,0.1307
11.94636,-0.69316,0.31046999999999997,1.47625,4.8312800000000005,0.42871000000000004,-0.24791,0.17853,-1.8787,0.59031,0.16622,0.09489,0.13624,0.03113,-0.58723,3.5809300000000004,0.15567
13.96406,-0.28139000000000003,1.79148,0.55829,0.18005,0.54694,-0.11252999999999999,0.13564,-0.17845999999999998,1.9299400000000002,0.14954,0.12219000000000001,0.28091,0.12588,0.14067000000000002,7.050960000000001,0.13062
19.82176,-0.65603,1.7985400000000002,1.46654,2.98207,1.8371,-0.10780999999999999,0.18191,-1.30265,0.2275,0.062270000000000006,0.07425,0.13279000000000002,0.14565,0.6677,5.19081,0.16222
18.502270000000003,-0.49816000000000005,0.6060399999999999,1.23863,0.77008,1.66228,-0.14017000000000002,0.19125,0.8857200000000001,1.7075799999999999,0.01083,0.13649,0.28265,0.0557,0.19805,3.1802,0.13335999999999998
18.45346,0.65222,1.9453900000000002,1.35043,1.37461,0.5605,0.28701,0.28725,-1.99085,-0.6953699999999999,0.18269000000000002,0.05491,0.16188,0.13337000000000002,0.47768999999999995,6.38952,0.1641
17.63877,0.4206,0.5685600000000001,0.6458,4.49524,0.7278,-0.21224,0.27004,0.8016399999999999,-0.7874899999999999,0.09266,0.01964,0.26965,0.036910000000000005,-0.44068,4.48182,0.14329
14.322870000000002,0.61985,0.91743,1.0042799999999998,4.2070300000000005,1.98095,0.11917,0.27088,-0.2152,1.9232,0.01627,0.13967000000000002,0.1356,0.12240999999999999,-0.72685,2.38,0.13479000000000002
16.90771,0.65941,1.46614,0.5577,0.7860199999999999,0.45685,0.041069999999999995,0.19457,-1.60009,-0.18136,0.01347,0.05947,0.15664,0.14606,-0.5143800000000001,2.87586,0.16258
11.37171,-0.50529,1.6452799999999999,1.1863,0.26148000000000005,0.56275,-0.28226999999999997,0.22496999999999998,-1.8234400000000002,0.30403,0.07098,0.17167000000000002,0.12725,0.07476000000000001,0.7044699999999999,2.92578,0.15064
17.29127,0.42822,1.69818,1.14368,2.2565,1.7016900000000001,0.28302,0.21683000000000002,0.91156,1.5974,0.18165,0.19284,0.28429,0.06232000000000001,-0.44673999999999997,7.7686399999999995,0.13384000000000001
16.220660000000002,0.5301,1.01685,1.43678,0.53456,1.42672,-0.23772,0.23855,-1.54298,1.43274,0.0609,0.1204,0.22335,0.04206,0.1041,7.11102,0.16287000000000001
11.4745,-0.56803,0.32365,0.5460699999999999,4.15868,0.31077,0.05492999999999999,0.14758,0.72026,-0.86344,0.19780999999999999,0.19518,0.22115,0.11871,-0.09001,6.02427,0.13635
15.2147,-0.53662,0.67715,1.0738299999999998,3.3857800000000005,1.8699700000000001,0.26144,0.19802,0.9200200000000001,0.18170999999999998,0.01214,0.18613,0.16233,0.07084,-0.7935300000000001,7.3076,0.15133
10.1623,-0.5070899999999999,1.4380600000000001,0.95342,4.36426,0.78438,-0.2894,0.13766,0.83985,-0.13943,0.12837,0.15300999999999998,0.2846,0.03058,0.73739,7.5086,0.16339
17.91473,-0.62356,1.88438,0.6103,1.21133,1.43327,0.28171,0.27704,0.90389,-0.7356,0.11729,0.03751,0.25514000000000003,0.13229000000000002,-0.75593,6.653160000000001,0.16192
11.21133,0.63039,0.69393,0.65284,0.03601,0.50142,0.28485,0.26242,0.18649000000000002,0.0324,0.17944000000000002,0.1832,0.15847999999999998,0.06827000000000001,0.46551000000000003,6.89536,0.15441
10.732,-0.44051,1.10104,0.6259600000000001,4.690230000000001,1.82201,-0.26819,0.20434000000000002,0.71186,1.7491,0.13377,0.11395,0.25395,0.14762,0.7028,2.42873,0.13225
11.838989999999999,0.33668000000000003,1.66556,1.34538,3.04065,0.60695,-0.23965,0.1347,0.76142,1.57332,0.02395,0.02349,0.22607,0.09047999999999999,-0.39233,2.06813,0.16352
10.79849,-0.51912,0.4478,1.17462,0.36801999999999996,0.39243,-0.20529,0.27135,-0.9348700000000001,0.38522,0.16347,0.11425999999999999,0.29101,0.03556,-0.77856,5.11722,0.13458
13.33048,0.29818,0.7300399999999999,1.20134,4.80449,0.43676000000000004,-0.12946,0.1753,0.04519,1.80475,0.02623,0.17743,0.12958,0.09146,0.77764,6.457269999999999,0.13444
17.88617,-0.20681,1.45173,1.41783,4.8438300000000005,1.7895299999999998,0.19147,0.29096,-1.7337799999999999,-0.55655,0.18698,0.18552000000000002,0.25294,0.05144,-0.24109,7.3903,0.16126
19.13632,0.5324399999999999,0.42388000000000003,0.9604,3.917,1.39501,0.00948,0.1959,0.8083899999999999,-0.24411,0.18597,0.15211,0.29062,0.14923,0.72548,7.6064300000000005,0.16183
16.156979999999997,0.30427,1.60694,0.51467,2.3119099999999997,1.8539900000000002,-0.22016999999999998,0.28368000000000004,0.13001,-0.4964,0.0199,0.19,0.25208,0.11700999999999999,-0.48213,7.785089999999999,0.13054000000000002
11.910110000000001,0.19034,1.90367,0.52857,3.49836,0.36233000000000004,0.29775999999999997,0.13188,-1.62699,-0.6721,0.12545,0.18919,0.26687,0.12453,0.67837,2.56927,0.1421
10.509960000000001,0.21833000000000002,1.55861,1.49302,2.63016,1.0018200000000002,-0.09006,0.29989,0.43906000000000006,1.09181,0.19293,0.01273,0.12361,0.06362999999999999,0.42282,4.98195,0.15671
15.36762,-0.65803,1.61668,0.71665,0.020569999999999998,1.98532,0.12021,0.14675,-1.6543299999999999,1.54103,0.16280999999999998,0.06675,0.2872,0.04147,0.78586,4.93329,0.16369
12.66049,-0.60707,1.4680799999999998,1.4268299999999998,0.5192100000000001,1.69271,0.24894000000000002,0.13863,0.77315,1.60351,0.18033,0.14074,0.15537,0.14582,0.45402,5.07348,0.13910999999999998
19.96014,-0.03696,1.85198,0.51739,4.38162,1.93029,0.29730999999999996,0.25945999999999997,-1.3360100000000001,-0.51423,0.03293,0.01184,0.18312,0.030430000000000002,0.7398100000000001,2.9401,0.14718
13.35082,-0.57315,1.9494200000000002,0.63047,0.9502299999999999,1.0735700000000001,-0.28455,0.15245999999999998,-0.7497,-0.21364,0.039389999999999994,0.01695,0.16495,0.05321,-0.76972,7.710389999999999,0.14594000000000001
19.734779999999997,0.18629,0.57412,0.56391,4.02005,1.2402600000000001,-0.15829000000000001,0.2479,-1.29401,1.8499599999999998,0.16726,0.0115,0.18205,0.12177,0.12524000000000002,7.52119,0.13309
19.66169,0.27635,1.26547,1.49415,1.11609,0.32666,0.20188,0.22399000000000002,-1.8047900000000001,0.2326,0.052539999999999996,0.18963,0.19839,0.053720000000000004,-0.31485,2.61823,0.13347
18.06955,0.6835100000000001,1.8581599999999998,1.0845799999999999,3.60299,1.36609,-0.28057,0.29523,-0.49688999999999994,1.3911,0.19107000000000002,0.17299,0.29443,0.05215,0.75598,3.00617,0.14227
18.487070000000003,-0.63453,1.56869,0.6857800000000001,3.29451,0.61907,-0.27053,0.27852,0.30266,0.64066,0.06437999999999999,0.16893,0.12700999999999998,0.13979,-0.48639,2.5352099999999997,0.1541
12.63315,-0.35414,1.8761299999999999,1.23122,1.00254,0.66457,0.28434,0.29581,0.02429,1.31915,0.01029,0.01222,0.29729,0.09022000000000001,0.30156,6.48054,0.13593
11.07209,0.45782,0.32487,0.80147,3.4008300000000005,1.88183,-0.04774,0.14495,-1.10789,-0.87689,0.12909,0.09782,0.19322999999999999,0.06398,-0.1866,3.98769,0.15467
